,tweet_id,retweet_count,favorite_count
0,892420643555336193,8310,38002
1,892177421306343426,6139,32631
2,891815181378084864,4064,24551
3,891689557279858688,8447,41345
4,891327558926688256,9154,39533
5,891087950875897856,3046,19865
6,890971913173991426,2018,11606
7,890729181411237888,18435,64123
8,890609185150312448,4182,27278
9,890240255349198849,7214,31299
10,890006608113172480,7170,30079
11,889880896479866881,4864,27278
12,889665388333682689,9819,47195
13,889638837579907072,4432,26634
14,889531135344209921,2198,14832
15,889278841981685760,5253,24767
16,888917238123831296,4401,28566
17,888804989199671297,4192,25077
18,888554962724278272,3471,19444
19,887473957103951883,17766,67726
20,888078434458587136,3415,21334
21,887705289381826560,5275,29602
22,887517139158093824,11420,45399
24,887343217045368832,10171,33045
25,887101392804085760,5832,29992
26,886983233522544640,7601,34474
27,886736880519319552,3209,11834
28,886680336477933568,4363,21999
29,886366144734445568,3130,20790
30,886258384151887873,6145,27469
31,886053434075471873,205,3250
32,885984800019947520,6631,32028
33,885528943205470208,6286,35312
34,830583320585068544,18152,70462
35,885167619883638784,4291,21509
36,884925521741709313,17854,75972
37,884876753390489601,5487,27395
38,884562892145688576,4589,23839
39,884441805382717440,5534,26482
40,883965650754039809,67968,220197
41,884162670584377345,2922,19961
42,883838122936631299,3374,21484
43,883482846933004288,9721,45060
44,883360690899218434,3622,22255
45,883117836046086144,6526,36463
46,882992080364220416,3839,23495
47,882762694511734784,4812,27764
48,882627270321602560,5952,27412
49,882268110199369728,11353,44094
50,882045870035918850,4861,28810
51,881906580714921986,3322,23854
52,881666595344535552,10446,49642
53,881536004380872706,15611,48507
54,881268444196462592,5071,22655
55,880935762899988482,2730,16693
56,880872448815771648,3740,20867
57,880465832366813184,6146,28002
58,880221127280381952,4128,26548
59,880095782870896641,4262,27118
60,879862464715927552,3430,21914
61,879492040517615616,3116,22999
62,879415818425184262,43399,103947
63,879376492567855104,3054,16471
64,878057613040115712,6694,41278
65,879050749262655488,4629,22139
66,879008229531029506,2645,18635
67,878776093423087618,4048,19060
68,878599868507402241,158,769
69,878281511006478336,1267,7603
70,669000397445533696,6525,21152
73,877736472329191424,18731,78325
74,876850772322988033,79,1815
75,877556246731214848,3739,22328
76,877316821321428993,5089,26914
77,877201837425926144,5482,26653
78,876838120628539392,3279,20328
79,876162994446753793,10638,26997
80,876484053909872640,2358,18440
81,876120275196170240,4607,27444
82,875747767867523072,4221,24767
83,875144289856114688,4847,21560
84,874413398133547008,28504,75934
85,875021211251597312,4645,25046
86,874680097055178752,4567,27352
87,866334964761202691,14495,52386
88,874296783580663808,4043,25624
89,874057562936811520,3902,22295
90,874012996292530176,10253,34017
91,868880397819494401,14451,65129
92,873580283840344065,3888,23831
93,873213775632977920,1564,7129
95,872967104147763200,5346,26943
96,872820683541237760,3649,14504
97,872620804844003328,3648,20503
98,872486979161796608,8927,40097
99,872261713294495745,6249,33730
100,872122724285648897,8039,33961
101,871879754684805121,11048,37440
102,871762521631449091,3447,20010
103,871515927908634625,3426,19954
104,841077006473256960,5660,23867
105,871075758080503809,11288,26112
106,871032628920680449,3787,22408
107,870804317367881728,6161,33243
108,870656317836468226,2628,12278
109,870374049280663552,26067,81858
110,870308999962521604,4134,21616
111,870063196459192321,8313,36310
112,859196978902773760,30752,90619
113,869772420881756160,9990,42018
114,869702957897576449,6327,27972
115,869596645499047938,3126,15831
116,869227993411051520,3774,20288
118,868552278524837888,2097,10060
119,868622495443632128,5291,26550
121,867900495410671616,4179,24051
122,867774946302451713,7344,33790
123,867421006826221569,2508,16028
124,865013420445368320,121,1830
125,867051520902168576,7882,32084
126,866450705531457537,35403,121827
127,866458718883467265,395,1381
128,866686824827068416,3491,19258
131,837820167694528512,8406,35808
132,865718153858494464,5646,25575
133,865359393868664832,5030,26426
134,865006731092295680,7728,27950
135,864873206498414592,8752,32255
136,864279568663928832,3055,14617
137,864197398364647424,9005,30145
138,863907417377173506,4178,20623
139,863553081350529029,4219,15309
140,863062471531167744,2476,8539
141,863432100342583297,5310,23846
142,863079547188785154,1114,8780
144,862831371563274240,5146,19202
145,862722525377298433,3564,17096
146,862457590147678208,5010,20586
147,862096992088072192,23566,74754
148,806629075125202948,38200,80289
149,861383897657036800,10845,36208
150,861288531465048066,4208,17265
151,861005113778896900,3843,16780
152,860563773140209665,2187,7546
153,860914485250469888,835,10210
155,860524505164394496,5362,23751
156,860276583193509888,3527,18396
157,860184849394610176,5939,16772
158,761672994376806400,31378,52457
159,859924526012018688,4157,19674
160,859851578198683649,3568,15502
161,859607811541651456,1603,18718
163,859074603037188101,13872,34120
164,839549326359670784,8315,28772
165,858843525470990336,3547,15655
166,858471635011153920,4946,21697
167,858107933456039936,2976,15869
168,857989990357356544,2641,16285
169,857746408056729600,10874,34625
170,857393404942143489,1687,5973
171,857263160327368704,4625,20227
172,857061112319234050,177,5287
173,857029823797047296,4112,19154
174,844704788403113984,10965,40269
175,856543823941562368,2954,16458
176,856526610513747968,1934,11997
177,856282028240666624,6499,28108
178,855851453814013952,18236,46112
179,855656431005061120,3173,16112
180,855459453768019968,8463,30410
181,842163532590374912,6177,25499
182,855122533267460096,47,788
183,854732716440526848,6320,23245
184,854482394044301312,7104,29836
185,854365224396361728,4856,19262
186,854120357044912130,7750,32603
187,854010172552949760,3271,16524
188,853760880890318849,6008,29182
189,853639147608842240,10545,35603
190,853299958564483072,3718,15876
191,831650051525054464,2089,7560
192,852912242202992640,1913,9273
193,852672615818899456,2249,15272
194,852553447878664193,3664,16764
195,852311364735569921,10307,33945
196,852226086759018497,7098,20512
197,852189679701164033,1661,11760
198,829374341691346946,10064,36488
199,848289382176100353,23,734
200,851591660324737024,3626,16638
201,851464819735769094,7412,24931
202,851224888060895234,5981,21263
203,850753642995093505,9713,31891
204,850380195714523136,2743,13439
205,850145622816686080,4019,16819
206,850019790995546112,5139,21072
207,849776966551130114,7979,31405
208,833124694597443584,5208,21222
209,849412302885593088,3302,16378
210,849336543269576704,1987,11782
211,849051919805034497,8958,43822
212,848690551926992896,4543,26030
213,848324959059550208,4836,25574
214,848212111729840128,3234,16875
215,832369877331693569,3436,18053
216,847971000004354048,449,4512
217,847962785489326080,5380,24323
218,847842811428974592,1417,5663
219,847606175596138505,3582,19434
220,847251039262605312,4534,21186
221,847157206088847362,6182,20661
222,847116187444137987,3375,22185
223,846874817362120707,4151,20799
224,846514051647705089,12261,46288
225,846484798663245829,93,357
226,846153765933735936,9596,32864
227,846088479142531073,24422,48847
228,846042936437604353,3066,16591
229,845812042753855489,9250,30415
230,845677943972139009,5063,26069
231,756288534030475264,18833,45211
232,845397057150107648,1914,7923
233,845306882940190720,5710,24224
234,773308824254029826,8112,24690
235,844979544864018432,2736,14153
236,844973813909606400,3410,15702
237,844704788403113984,10965,40267
238,844580511645339650,3332,17139
239,844223788422217728,2335,14181
240,843856843873095681,4917,22283
241,843604394117681152,2929,17575
242,843235543001513987,6426,22379
243,807106840509214720,60924,126913
244,842846295480000512,3823,15849
245,842765311967449089,1356,7020
246,842535590457499648,3730,18851
248,842115215311396866,3228,14584
249,817423860136083457,16323,36384
250,841680585030541313,8255,26738
251,841439858740625411,3916,13164
252,841311395547250688,12179,24031
253,841314665196081154,5002,16518
255,840632337062862849,1870,9364
256,667152164079423490,17244,47895
257,840696689258311684,1043,12832
259,840370681858686976,4854,17189
260,840268004936019968,6123,20116
261,839990271299457024,2451,14030
263,839289919298224128,154,1927
264,839239871831150596,6989,28449
265,838948714227998720,4393,12096
266,838921590096166913,2221,11684
267,838905980628819968,36,752
268,783839966405230592,11805,32077
269,838561493054533637,1415,11422
270,838476387338051585,5146,23637
271,820749716845686786,10789,33487
272,838083903487373313,3376,18457
274,837482249356513284,471,4017
275,837471256429613056,2456,13389
276,837366284874571778,5672,22141
277,837110210464448512,2560,16779
278,836989968035819520,2466,13334
279,836753516572119041,4944,20150
280,836677758902222849,2381,13218
281,836648149003485187,585,6818
282,817827839487737858,29634,55130
283,836380477523124226,3176,15436
284,836260088725786625,4600,22286
285,836001077879255040,4602,20024
286,786963064373534720,8735,28424
287,835574547218894849,3883,18664
288,835264098648616962,1824,8111
289,835297930240217089,3222,17229
291,835172783151792128,6160,27425
292,835152434251116546,3241,23579
293,834931633769889797,1770,11373
294,834786237630337024,5893,22244
295,834574053763584002,2721,14362
296,829501995190984704,11457,33465
297,834458053273591808,1804,10089
298,834209720923721728,5139,21648
299,834167344700198914,3906,16552
300,834086379323871233,2386,13721
301,833863086058651648,2587,14086
302,833826103416520705,4013,18893
303,832434358292209665,231,2081
304,833722901757046785,3454,21760
305,833479644947025920,2225,15608
307,832998151111966721,2383,13965
308,832766382198566913,40,1380
309,832757312314028032,3895,17688
310,832268302944579584,2063,3811
311,832636094638288896,3007,16658
312,832397543355072512,2394,12549
314,832273440279240704,2514,11888
315,786709082849828864,6666,19432
316,793286476301799424,10111,26335
317,769940425801170949,10465,33367
318,832032802820481025,4993,18747
319,831939777352105988,6610,25237
320,831911600680497154,7032,29113
321,831670449226514432,1952,10995
323,831552930092285952,2472,9467
324,831322785565769729,1646,9691
325,831315979191906304,1204,6873
326,831309418084069378,2632,12347
327,831262627380748289,2212,12543
328,830956169170665475,1613,8383
330,809220051211603969,6154,21273
331,830097400375152640,3244,10352
332,826958653328592898,5421,22792
333,829861396166877184,2113,12883
335,829449946868879360,2197,11032
337,829141528400556032,8007,25831
338,829011960981237760,17537,55885
339,810254108431155201,3672,15686
340,828770345708580865,6340,26971
341,828708714936930305,12133,38610
342,828650029636317184,1458,10013
343,828409743546925057,1245,6637
344,828408677031882754,1390,8075
345,828381636999917570,2410,13317
346,828376505180889089,1150,7791
347,828372645993398273,3188,13231
348,828046555563323392,3097,12404
349,828011680017821696,2326,10929
350,827933404142436356,5651,21254
351,827653905312006145,3249,16264
352,827600520311402496,1027,7815
353,827324948884643840,3321,16751
354,694669722378485760,15400,37426
355,827199976799354881,2428,11161
357,826848821049180160,11062,38521
358,809920764300447744,4279,16545
359,826598365270007810,2548,10643
360,826476773533745153,4541,19468
361,826240494070030336,2808,14046
362,826204788643753985,1009,5166
363,826115272272650244,3403,16549
364,825876512159186944,2027,11065
365,825829644528148480,2696,13467
366,825535076884762624,18640,55087
367,825147591692263424,4963,19368
368,825026590719483904,1388,6715
370,795076730285391872,5958,17383
371,824775126675836928,3819,15843
372,824663926340194305,1886,10665
373,824325613288833024,11269,12471
374,824297048279236611,4201,15940
375,823966201328046080,2416,8659
376,823939628516474880,2947,11261
377,823699002998870016,2625,13324
378,823581115634085888,2873,13810
379,823322678127919110,4367,16675
380,822244816520155136,10706,37131
381,822975315408461824,3738,18310
382,822872901745569793,47658,140278
383,822859134160621569,2488,14014
384,822489057087389700,6968,19251
385,822610361945911296,3228,15668
387,822462944365645825,15930,30180
389,786233965241827333,5226,16342
390,821886076407029760,2546,12045
391,780601303617732608,3632,12875
392,821765923262631936,1812,8927
393,821522889702862852,1932,8506
394,782305867769217024,6087,17783
395,821407182352777218,4726,12486
396,821149554670182400,2193,9251
397,821107785811234820,2316,10173
398,821044531881721856,2494,13446
399,819227688460238848,7304,24535
400,820749716845686786,10789,33484
401,820690176645140481,3509,12952
402,820314633777061888,616,3538
403,800141422401830912,2819,16382
405,820078625395449857,6849,21049
406,819952236453363712,1288,5642
408,819924195358416896,5269,13665
409,819711362133872643,3411,14281
410,819588359383371776,2145,10157
411,819347104292290561,1316,7665
413,819004803107983360,40036,92074
414,819006400881917954,20628,47997
417,818627210458333184,8118,23580
418,818614493328580609,2817,10482
419,773547596996571136,6692,23463
420,818536468981415936,2704,11593
421,816450570814898180,8865,32544
422,818259473185828864,2495,11727
423,818145370475810820,2835,13061
424,817902080979599361,871,4044
426,817777686764523521,2915,11379
427,817536400337801217,3311,12552
428,692417313023332352,3701,9764
430,817415592588222464,1049,5972
431,815966073409433600,9278,23894
432,817171292965273600,2195,9287
433,817120970343411712,2862,12948
434,817056546584727552,1803,9120
435,790946055508652032,5150,17765
436,816816676327063552,2219,10637
437,816697700272001025,2412,10429
439,816336735214911488,2135,9145
440,816091915477250048,2359,9497
441,815990720817401858,1137,5323
442,732005617171337216,5808,15588
445,791406955684368384,4513,14042
446,815736392542261248,2485,10475
447,815639385530101762,1796,8745
448,815390420867969024,4163,11038
449,814986499976527872,1412,8134
450,814638523311648768,2962,12004
451,698195409219559425,6343,17541
452,814530161257443328,2031,9224
453,814153002265309185,9496,30665
454,790277117346975746,3490,13419
455,813910438903693312,2059,9910
456,813812741911748608,15316,38749
457,813800681631023104,1919,8889
458,813217897535406080,7987,19918
459,813202720496779264,1966,9792
460,813187593374461952,4784,21150
461,813172488309972993,2091,9944
462,813157409116065792,2426,8275
463,813142292504645637,2579,8986
464,813127251579564032,3419,12638
465,813112105746448384,3017,11011
466,813096984823349248,3940,11233
467,813081950185472002,3029,10536
468,813066809284972545,2129,8488
469,813051746834595840,8033,22362
470,812781120811126785,2093,8084
471,812709060537683968,1565,7069
472,812503143955202048,1334,6483
473,812466873996607488,2108,8522
474,812372279581671427,4014,14616
475,811985624773361665,1540,7754
476,811744202451197953,1761,8055
477,811627233043480576,3418,13635
478,811386762094317568,6999,22317
479,810984652412424192,1569,5688
480,810896069567610880,1959,9651
481,810657578271330305,2903,11711
482,810284430598270976,12479,37831
483,810254108431155201,3672,15683
485,793962221541933056,5370,18017
486,809448704142938112,1606,7393
488,809084759137812480,3839,14111
489,808838249661788160,3333,10789
490,808733504066486276,2377,8448
491,808501579447930884,2855,12044
492,801167903437357056,6526,26216
493,808106460588765185,2407,9326
494,808001312164028416,3872,13429
495,807621403335917568,4030,15558
497,782969140009107456,8032,25732
498,807010152071229440,4197,13940
500,781524693396357120,6049,22119
501,806570933175652352,7551,9170
502,806542213899489280,2594,10917
503,783334639985389568,12791,31179
504,806219024703037440,1308,6867
505,782722598790725632,5897,18434
506,805932879469572096,2094,8836
507,805826884734976000,2008,7033
508,805520635690676224,1802,6133
509,805487436403003392,2778,9368
510,805207613751304193,1868,8335
511,804738756058218496,4221,14674
512,804417859124273152,16760,23937
513,784826020293709826,3535,10825
514,804026241225523202,17796,47717
515,803773340896923648,3041,10736
516,691416866452082688,8163,20223
517,803638050916102144,4529,11744
518,803380650405482500,2034,8290
519,767754930266464257,5831,16978
520,803276597545603072,2708,10724
521,802952499103731712,2202,9663
522,777684233540206592,3209,11953
523,802572683846291456,2742,9552
524,802323869084381190,6393,17363
525,802265048156610565,1497,7054
526,779056095788752897,4932,15757
527,802239329049477120,2855,9700
528,800065028116385792,291,2779
529,801958328846974976,1874,8253
530,801538201127157760,2253,8769
531,801285448605831168,916,6482
533,775733305207554048,4357,14724
534,801115127852503040,2290,8636
535,800751577355128832,3040,11228
536,800513324630806528,3299,14061
537,800459316964663297,2367,10125
538,776113305656188928,4736,12499
539,800388270626521089,3081,11926
540,681694085539872773,4323,13375
542,800018252395122689,14455,30383
543,775085132600442880,5140,16515
544,799757965289017345,2374,9000
545,799422933579902976,2105,8609
546,774314403806253056,6058,23138
547,799297110730567681,3039,10600
548,799063482566066176,2702,8655
549,798933969379225600,4914,14082
550,798925684722855936,1572,7966
551,740676976021798912,7243,19000
552,718631497683582976,8560,19681
553,712809025985978368,7148,19384
554,701214700881756160,5446,12782
555,683391852557561860,2546,7982
556,676936541936185344,5179,13153
557,675501075957489664,6078,17611
558,671896809300709376,4271,8590
559,670444955656130560,2032,6821
560,667509364010450944,2159,6819
561,667182792070062081,6262,14384
562,666104133288665088,6430,14073
563,771770456517009408,3688,12730
564,798209839306514432,2808,11107
565,797971864723324932,3448,12468
566,797545162159308800,5331,15519
567,797236660651966464,7276,21378
568,687317306314240000,9742,21034
569,796865951799083009,2089,8213
570,796759840936919040,3358,12698
571,780931614150983680,8009,23073
572,796484825502875648,1938,8107
573,796387464403357696,4578,11765
574,796149749086875649,15721,34642
576,796123679771897856,1706,2535
577,796116448414461957,2657,9733
578,796080075804475393,2545,9051
579,796031486298386433,4037,11566
580,795464331001561088,26170,53322
581,795400264262053889,3147,10820
583,789530877013393408,3692,12583
584,794926597468000259,2529,11019
585,788765914992902144,11280,29347
586,794332329137291264,2908,10249
587,794205286408003585,3636,9844
588,793962221541933056,5370,18014
589,793845145112371200,2064,9855
590,791672322847637504,3422,12585
591,793601777308463104,1793,8529
592,793500921481273345,2613,11447
594,793271401113350145,2597,9250
595,793256262322548741,9160,21398
596,793241302385262592,3598,11248
597,793226087023144960,3138,10533
598,793210959003287553,3086,9559
599,793195938047070209,6177,16350
600,793180763617361921,2185,7419
601,793165685325201412,3050,10068
602,793150605191548928,1869,6608
603,793135492858580992,2740,6932
604,793120401413079041,4291,13589
605,792913359805018113,4409,15351
606,792883833364439040,4694,12106
607,792773781206999040,1843,7861
608,792394556390137856,4703,14396
609,792050063153438720,1976,7671
612,791312159183634433,2788,9409
613,763837565564780549,4514,13343
614,790987426131050500,2346,10579
616,789986466051088384,2540,9897
617,790698755171364864,2093,8765
618,790581949425475584,7882,22117
619,790337589677002753,2047,8367
621,762699858130116608,3919,12873
623,762464539388485633,4541,10922
624,789628658055020548,1954,8036
625,789599242079838210,2123,7241
627,788818328538099712,53724,112436
628,750719632563142656,5419,13908
629,789268448748703744,2825,9757
630,789137962068021249,3062,10386
631,788908386943430656,13567,29333
633,788412144018661376,5805,16672
634,788178268662984705,2318,7733
635,788150585577050112,1428,6578
636,761004547850530816,3748,11966
637,788039637453406209,1450,6565
638,787810552592695296,3348,9277
639,787717603741622272,3047,10926
640,787397959788929025,3106,11603
641,787322443945877504,1911,8334
643,759447681597108224,2643,8973
645,786664955043049472,2805,11388
646,786595970293370880,3391,10060
647,786363235746385920,3833,11660
649,779834332596887552,7734,20223
650,785927819176054784,3465,12131
651,785872687017132033,1996,7140
652,785639753186217984,2426,8339
653,785533386513321988,2190,9724
654,785264754247995392,1788,7758
655,785170936622350336,5315,12918
657,784517518371221505,2773,9571
658,784431430411685888,1403,6072
660,783821107061198850,2138,7851
661,783695101801398276,3522,11145
662,783466772167098368,2462,9015
663,783391753726550016,6012,17996
664,674291837063053312,6119,15044
666,783085703974514689,2423,8678
668,782747134529531904,1522,7960
670,782598640137187329,2042,8294
672,707610948723478529,6819,17710
673,781955203444699136,3669,11850
674,781661882474196992,2958,11136
676,781251288990355457,2290,8986
677,781163403222056960,2983,10411
679,780858289093574656,2182,7668
680,780800785462489090,1414,5865
682,780543529827336192,1891,6718
683,742423170473463808,4052,10298
684,780465709297995776,127,917
685,780459368902959104,1164,5631
686,780192070812196864,2435,9276
687,753375668877008896,2508,8041
689,779377524342161408,3392,9393
690,679462823135686656,20079,33123
691,779123168116150273,3969,12576
693,778990705243029504,7922,21325
694,778748913645780993,1447,7343
695,778650543019483137,1626,6144
696,778624900596654080,1099,4951
697,778408200802557953,4739,14538
698,703041949650034688,13344,27592
699,778383385161035776,1205,6219
700,778286810187399168,3596,11072
701,778039087836069888,2867,9022
702,778027034220126208,1764,6978
703,768193404517830656,3836,11564
704,777885040357281792,1786,6766
706,750429297815552001,4628,13880
707,777621514455814149,2711,9333
708,777189768882946048,4713,15243
709,679828447187857408,14976,37889
710,776813020089548800,1318,5186
711,776477788987613185,3039,9412
712,700747788515020802,9946,23891
713,776218204058357768,17381,31927
714,776201521193218049,2741,10206
716,776088319444877312,165,1946
717,733109485275860992,17877,51418
718,775842724423557120,2909,12460
720,775729183532220416,4972,13739
721,775364825476165632,3230,7896
722,740373189193256964,14179,36416
724,774757898236878852,1925,9082
725,774639387460112384,1880,7133
727,773985732834758656,4213,11409
728,773922284943896577,1876,6794
729,773704687002451968,1769,7010
730,773670353721753600,1406,5650
732,771380798096281600,5533,11158
734,773247561583001600,3488,10001
735,773191612633579521,4461,10604
736,772877495989305348,4206,9105
737,772826264096874500,2529,8481
738,765222098633691136,3664,12304
739,772581559778025472,1835,6873
740,772193107915964416,1500,6384
741,772152991789019136,1213,4008
742,772117678702071809,797,3984
743,772114945936949249,512,2882
744,772102971039580160,1006,4246
745,771905568600719360,483,1208
747,771500966810099713,2847,8783
749,673320132811366400,8203,13699
750,771136648247640064,3185,9737
751,771102124360998913,1556,6617
752,771014301343748096,1799,7289
753,771002130450743296,238,2288
754,770787852854652928,1320,5257
755,770772759874076672,1531,5503
756,739238157791694849,61895,121267
757,770655142660169732,1886,7768
758,770414278348247044,2236,6669
759,770293558247038976,1613,6618
760,741067306818797568,3295,9886
761,770069151037685760,2493,8049
763,769695466921623552,1797,6776
764,769212283578875904,1854,5721
765,768970937022709760,7092,15275
766,700143752053182464,2919,7881
767,768855141948723200,961,4443
768,768609597686943744,1311,4360
769,768596291618299904,1379,5318
770,739979191639244800,6312,20879
771,768473857036525572,3713,14468
773,767884188863397888,1519,5036
775,767500508068192258,2524,7928
776,767191397493538821,4122,12994
777,767122157629476866,3082,10730
778,759923798737051648,6119,15522
779,766793450729734144,1469,5375
780,766693177336135680,856,4269
781,766423258543644672,1729,6383
782,766313316352462849,2037,7182
783,725842289046749185,2816,7356
784,766069199026450432,931,4529
785,766008592277377025,536,3970
786,765719909049503744,2327,7678
787,765669560888528897,1319,5504
788,765395769549590528,3675,28003
789,765371061932261376,2336,7511
791,764857477905154048,1914,6810
792,764259802650378240,1636,6411
794,763183847194451968,1590,5721
795,673295268553605120,3262,7652
796,763103485927849985,2464,7796
798,762471784394268675,7000,11936
800,762316489655476224,1218,5097
801,762035686371364864,16866,33862
802,761976711479193600,2184,5714
803,685325112850124800,4253,9942
804,761745352076779520,929,4505
806,761599872357261312,1268,4368
807,711694788429553666,19410,34240
808,761334018830917632,1566,5499
809,761292947749015552,1185,4721
810,761227390836215808,1678,5616
812,760893934457552897,1052,4037
813,760656994973933572,2080,6982
814,760641137271070720,1395,5242
815,760539183865880579,3922,8014
816,760290219849637889,12407,28368
817,760252756032651264,933,4164
818,760190180481531904,1954,6026
820,759846353224826880,2141,7101
821,759793422261743616,2049,6299
822,739544079319588864,22799,41511
823,759557299618865152,1267,4970
825,759167558763196416,300,272
826,759197388317847553,2101,6399
827,670319130621435904,1253,3914
828,759099523532779520,4505,15353
829,759047813560868866,2179,6875
830,758854675097526272,963,3747
831,758828659922702336,4138,11807
832,758740312047005698,1729,6054
833,758474966123810816,1070,4038
834,758467244762497024,2405,5081
835,758405701903519748,2082,5491
836,758355060040593408,1170,3627
837,758041019896193024,403,2858
838,757741869644341248,3510,7269
839,679062614270468097,8741,17795
840,757725642876129280,1311,4798
841,757611664640446465,1206,4813
842,757597141099548672,314,1536
843,757596066325864448,1140,4596
844,757400162377592832,7376,15991
845,757393109802180609,1885,6154
846,757354760399941633,1535,4765
847,756998049151549440,2139,6621
848,756939218950160384,2168,7027
849,756651752796094464,1410,5346
850,756526248105566208,3897,10975
851,756303284449767430,1168,4165
853,756275833623502848,1639,6787
854,755955933503782912,3119,7744
855,755206590534418437,5805,17376
856,755110668769038337,11947,22402
857,679158373988876288,8622,22400
858,754856583969079297,2722,7255
859,754747087846248448,562,2715
860,754482103782404096,2100,5600
861,754449512966619136,790,3948
862,754120377874386944,2521,8270
863,753655901052166144,2343,6165
864,753420520834629632,3843,8364
865,753398408988139520,2072,6098
867,681523177663676416,6205,14985
868,753294487569522689,1122,3580
869,753026973505581056,1050,4104
870,752917284578922496,1698,7275
871,752682090207055872,1728,6303
872,752660715232722944,1700,4651
873,752519690950500352,3710,7776
874,752334515931054080,1185,4026
875,675354435921575936,17972,33709
876,752173152931807232,1986,6268
877,751937170840121344,1446,5488
878,751830394383790080,2109,6112
879,751598357617971201,3275,8326
880,751583847268179968,1196,4635
881,751538714308972544,1361,5306
882,751456908746354688,1075,3371
883,751251247299190784,6311,13166
884,751205363882532864,1967,6644
885,751132876104687617,1398,5351
886,750868782890057730,1491,5028
888,750506206503038976,1236,4678
890,750383411068534784,1224,4796
891,750147208377409536,1036,3266
892,750132105863102464,1371,3825
893,750117059602808832,1398,4566
894,750101899009982464,906,3196
895,750086836815486976,586,2286
896,750071704093859840,3591,8280
897,750056684286914561,961,3301
898,750041628174217216,665,3342
899,750026558547456000,843,2851
900,750011400160841729,975,3417
901,749996283729883136,871,3197
902,749981277374128128,2632,5377
903,749774190421639168,1408,4893
904,749417653287129088,1784,6412
905,749403093750648834,585,2764
906,749395845976588288,3720,9056
907,749317047558017024,2374,5766
908,749064354620928000,1624,5038
909,749036806121881602,839,3261
910,748977405889503236,3649,11268
911,748932637671223296,2423,6143
912,748705597323898880,1018,2907
913,748699167502000129,1715,4983
914,748692773788876800,1424,4458
915,748575535303884801,2131,6374
916,748568946752774144,720,2295
917,748346686624440324,1330,5498
918,748324050481647620,820,3885
919,748307329658011649,764,3849
920,747963614829678593,2298,6072
921,747933425676525569,2732,6960
922,747885874273214464,1056,3094
923,747844099428986880,805,2948
924,747816857231626240,1245,5084
925,747600769478692864,588,2433
926,747594051852075008,1124,3880
927,747512671126323200,1697,5826
928,747461612269887489,1102,4054
929,704761120771465216,3083,6927
930,747219827526344708,1693,5541
931,747204161125646336,986,3541
932,747103485104099331,4267,10051
933,746906459439529985,317,3027
934,746872823977771008,2300,6291
935,746818907684614144,1848,5561
936,746790600704425984,1700,5111
937,746726898085036033,1915,6331
938,667866724293877760,1052,3028
939,746507379341139972,1158,4862
940,746369468511756288,1757,6465
941,746131877086527488,2353,7247
942,746056683365994496,870,3719
943,745789745784041472,1141,4230
944,745712589599014916,2479,7328
945,745433870967832576,2708,7438
946,745422732645535745,2597,8994
947,745314880350101504,2963,7526
948,745057283344719872,2429,7578
949,744995568523612160,665,3112
950,744971049620602880,2878,8258
951,744709971296780288,1668,5854
952,744334592493166593,2283,7081
953,744234799360020481,83561,164156
954,743980027717509120,1160,4353
955,743895849529389061,1021,3814
956,667138269671505920,2228,4621
957,743609206067040256,1473,4686
958,743595368194129920,7024,19327
959,743545585370791937,998,3691
960,743510151680958465,3948,8289
961,743253157753532416,1303,4431
962,743222593470234624,2031,6484
963,743210557239623680,1459,4020
964,742528092657332225,2129,4639
965,742465774154047488,4151,7600
967,742385895052087300,2121,7122
968,742161199639494656,1468,4544
969,742150209887731712,1663,5373
970,741793263812808706,1608,4769
971,741743634094141440,2949,8553
972,741438259667034112,890,3843
973,741303864243200000,3455,9179
975,740995100998766593,2956,6695
976,740711788199743490,994,3564
977,740699697422163968,835,2966
980,740365076218183684,465,2587
981,740359016048689152,912,3451
982,740214038584557568,2096,7000
984,739932936087216128,1148,4242
985,739844404073074688,911,3967
986,739606147276148736,1766,5623
988,739485634323156992,3132,7515
989,739238157791694849,61895,121264
990,738885046782832640,1217,3937
991,738883359779196928,863,3487
992,738537504001953792,1662,5330
993,738402415918125056,896,3403
994,738184450748633089,1286,4499
995,738166403467907072,3628,9204
996,738156290900254721,698,2648
997,737826014890496000,1874,5506
998,737800304142471168,3686,10441
999,737678689543020544,1419,5268
1000,737445876994609152,4754,10754
1001,737322739594330112,861,3771
1002,737310737551491075,7903,15349
1003,736736130620620800,1844,4505
1004,736365877722001409,1332,4162
1005,736225175608430592,2943,8489
1006,736010884653420544,3163,8243
1007,735991953473572864,1223,3755
1008,735648611367784448,1170,4186
1009,735635087207878657,2498,6454
1010,735274964362878976,5404,13589
1011,735256018284875776,943,3490
1012,735137028879360001,1030,3265
1013,734912297295085568,548,2852
1014,734787690684657664,6698,13123
1015,734776360183431168,581,2617
1016,733828123016450049,827,3747
1017,733822306246479872,1072,3823
1018,733482008106668032,1010,3282
1019,733460102733135873,1359,4391
1021,732732193018155009,568,2545
1022,732726085725589504,940,3684
1023,732585889486888962,821,3846
1024,732375214819057664,2685,8440
1026,731285275100512256,1047,3636
1027,731156023742988288,1351,4004
1028,730924654643314689,2103,6394
1029,730573383004487680,2290,5132
1030,730427201120833536,1107,3612
1031,730211855403241472,1121,3995
1032,730196704625098752,2043,5102
1033,729854734790754305,1199,4205
1034,729838605770891264,409,1780
1035,729823566028484608,1317,4156
1036,729463711119904772,2457,6051
1037,729113531270991872,349,1964
1038,728986383096946689,870,3294
1039,728760639972315136,1811,4871
1040,728751179681943552,720,2889
1041,728653952833728512,1104,3447
1042,728409960103686147,2129,5116
1043,728387165835677696,1018,3822
1044,728046963732717569,1250,4489
1045,728035342121635841,1772,4745
1046,728015554473250816,1162,4268
1047,727685679342333952,675,3057
1048,727644517743104000,1852,6146
1049,727524757080539137,1293,4656
1050,727314416056803329,797,3470
1051,727286334147182592,869,3172
1052,727175381690781696,1461,4033
1053,726935089318363137,2601,7170
1054,726887082820554753,1597,3998
1055,726828223124897792,1067,3701
1056,726224900189511680,1218,4599
1058,725786712245440512,1443,4338
1059,725729321944506368,1888,5406
1060,725136065078521856,4241,4820
1061,724983749226668032,1381,3865
1062,724771698126512129,680,2468
1063,724405726123311104,1748,5523
1064,724049859469295616,1872,4502
1065,724046343203856385,592,2773
1066,724004602748780546,1671,4356
1067,723912936180330496,1297,4058
1068,723688335806480385,3164,8024
1069,723673163800948736,944,3148
1070,723179728551723008,1989,5513
1071,722974582966214656,1666,4281
1072,722613351520608256,1736,5168
1073,721503162398597120,1983,4849
1074,721001180231503872,654,2627
1075,720785406564900865,815,3243
1076,720775346191278080,718,2580
1077,720415127506415616,1588,4301
1078,720389942216527872,2667,6671
1079,720340705894408192,1036,2983
1080,720059472081784833,1193,4043
1081,720043174954147842,2128,5104
1082,719991154352222208,1851,5034
1083,719704490224398336,1537,4747
1084,719551379208073216,2040,5262
1085,719367763014393856,785,2904
1086,719339463458033665,1325,4592
1087,719332531645071360,1013,3554
1088,718971898235854848,1160,3637
1089,718939241951195136,1870,5463
1091,718613305783398402,511,2534
1092,718540630683709445,1074,2586
1093,718460005985447936,560,2804
1094,718454725339934721,1600,5064
1095,718246886998687744,530,2008
1096,718234618122661888,1065,4040
1097,717841801130979328,629,2549
1098,717790033953034240,1196,3005
1099,717537687239008257,1948,5988
1100,717421804990701568,891,3277
1101,717047459982213120,2025,6529
1102,717009362452090881,1032,3404
1103,716802964044845056,1249,4457
1104,716791146589110272,1523,6232
1105,716637124322177024,2651,3180
1106,716439118184652801,225,2465
1107,716285507865542656,1150,2891
1108,716080869887381504,2035,7005
1109,715928423106027520,924,3318
1110,715733265223708672,1789,4864
1111,715696743237730304,1362,4059
1112,715680795826982913,1716,4506
1113,715360349751484417,1669,5689
1114,715342466308784130,723,3153
1115,715220193576927233,693,2511
1116,715200624753819648,1999,5336
1117,715009755312439296,1316,4333
1118,714982300363173890,1097,3912
1119,714957620017307648,1506,4310
1120,714631576617938945,1065,3401
1121,714606013974974464,982,3778
1122,714258258790387713,759,3139
1123,714251586676113411,891,3397
1124,714214115368108032,931,2361
1125,714141408463036416,1492,4483
1126,713919462244790272,824,3415
1127,713900603437621249,783,2953
1128,713761197720473600,1459,5079
1129,713411074226274305,1371,4593
1130,713177543487135744,3003,7503
1131,713175907180089344,1544,4643
1133,712717840512598017,5303,12874
1134,712668654853337088,1287,4328
1135,712438159032893441,1660,5551
1136,709919141004595201,124,535
1137,712097430750289920,1099,3955
1138,712092745624633345,950,3063
1139,712085617388212225,511,3380
1140,712065007010385924,663,2355
1141,711998279773347841,133,950
1142,711968124745228288,2451,8399
1143,711743778164514816,1043,2956
1144,711732680602345472,4371,9266
1146,711652651650457602,976,4035
1147,711363825979756544,1202,3810
1148,711306686208872448,777,3450
1149,711008018775851008,656,3122
1150,710997087345876993,1475,4747
1151,710844581445812225,736,2656
1152,710833117892898816,573,2803
1153,710658690886586372,599,2403
1154,710283270106132480,547,2227
1155,710272297844797440,1336,4726
1156,710269109699739648,1197,2495
1157,710153181850935296,949,3035
1158,710140971284037632,946,2886
1159,710117014656950272,2115,5738
1160,709918798883774466,1135,3109
1161,709901256215666688,105,704
1162,709852847387627521,1268,3658
1163,709566166965075968,1278,3689
1164,709556954897764353,1128,3430
1165,709519240576036864,254,1549
1166,709449600415961088,613,2322
1167,709409458133323776,735,2726
1168,709225125749587968,608,2507
1169,709207347839836162,6200,13148
1170,709198395643068416,678,2513
1171,709158332880297985,448,2128
1172,709042156699303936,1745,4956
1173,708845821941387268,950,3105
1174,708834316713893888,537,1764
1175,708810915978854401,7381,17223
1176,708738143638450176,869,2861
1177,708711088997666817,770,2661
1178,708479650088034305,714,2656
1179,708469915515297792,870,3217
1180,708356463048204288,1418,3770
1181,708349470027751425,783,2451
1182,708149363256774660,1637,4462
1183,708130923141795840,890,3536
1184,708119489313951744,1041,2801
1185,708109389455101952,577,2014
1186,708026248782585858,2033,4558
1187,707995814724026368,1191,3269
1188,707969809498152960,1030,2814
1189,707776935007539200,1006,3426
1190,707741517457260545,651,2606
1191,707693576495472641,1066,3592
1193,707420581654872064,735,2374
1194,707411934438625280,634,2384
1195,707387676719185920,1384,3659
1196,707377100785885184,1146,3426
1197,707315916783140866,682,2583
1198,707297311098011648,845,2887
1199,707059547140169728,720,2693
1200,707038192327901184,844,2289
1201,707021089608753152,1454,4249
1202,707014260413456384,633,2405
1203,706901761596989440,639,2155
1204,706681918348251136,1027,3472
1205,706644897839910912,1164,2694
1206,706593038911545345,667,2249
1207,706538006853918722,1499,3614
1208,706516534877929472,1101,3234
1209,706346369204748288,981,3606
1210,706310011488698368,8491,22369
1211,706291001778950144,497,1774
1212,706265994973601792,979,2858
1213,706165920809492480,2884,2863
1214,706166467411222528,1713,5380
1215,705975130514706432,783,3241
1216,705970349788291072,946,3280
1217,705898680587526145,595,2483
1218,705786532653883392,557,2038
1219,705591895322394625,1223,3311
1220,705475953783398401,981,3088
1221,705442520700944385,1745,4650
1222,705428427625635840,1799,3992
1223,705239209544720384,796,3135
1224,705223444686888960,859,2694
1225,705102439679201280,543,2245
1226,705066031337840642,640,2268
1227,704871453724954624,1180,4457
1228,704859558691414016,581,2355
1229,704847917308362754,1631,5334
1230,704819833553219584,1061,2753
1232,704499785726889984,1063,3069
1233,704480331685040129,1123,3546
1234,704364645503647744,3780,8395
1235,704347321748819968,371,1663
1236,704113298707505153,595,1935
1237,704054845121142784,967,3048
1238,703774238772166656,497,1918
1239,703769065844768768,1207,3436
1240,703631701117943808,731,2709
1241,703611486317502464,1611,4033
1242,703425003149250560,1458,3967
1243,703407252292673536,737,2562
1244,703382836347330562,1206,3663
1245,703356393781329922,409,2002
1246,703268521220972544,581,2055
1247,703079050210877440,3301,7737
1249,702932127499816960,766,2706
1250,702684942141153280,1150,3369
1251,702671118226825216,599,2296
1252,702598099714314240,3646,12753
1253,702539513671897089,1016,3000
1254,702321140488925184,1097,3432
1255,702276748847800320,813,2578
1256,702217446468493312,1423,5022
1257,701981390485725185,1055,3605
1258,701952816642965504,1087,3991
1259,701889187134500865,1465,3717
1260,701601587219795968,486,2183
1261,701570477911896070,992,2951
1262,701545186879471618,653,2780
1264,700890391244103680,613,2319
1265,700864154249383937,652,2707
1266,700847567345688576,530,2535
1267,700796979434098688,1019,2543
1269,700518061187723268,852,2762
1270,700505138482569216,606,2382
1271,700462010979500032,1915,4330
1272,700167517596164096,793,2766
1273,700151421916807169,705,2342
1275,700062718104104960,741,2770
1276,700029284593901568,622,2163
1277,700002074055016451,1431,3465
1278,699801817392291840,1017,3203
1279,699788877217865730,529,2347
1280,699779630832685056,1322,2896
1281,699775878809702401,644,2052
1282,699691744225525762,4890,10731
1283,699446877801091073,2782,6215
1284,699434518667751424,538,2268
1285,699423671849451520,350,1438
1286,699413908797464576,655,2168
1287,699370870310113280,465,1968
1288,699323444782047232,918,3305
1289,699088579889332224,668,2342
1290,699079609774645248,698,2571
1291,699072405256409088,1263,3148
1292,699036661657767936,1270,2719
1293,698989035503689728,1045,3531
1294,698953797952008193,960,2832
1295,698907974262222848,661,2653
1296,698710712454139905,726,2593
1297,698703483621523456,404,1521
1298,698635131305795584,362,1345
1299,698549713696649216,657,2430
1300,698355670425473025,482,1958
1301,698342080612007937,1007,2364
1302,698262614669991936,2137,4969
1304,698178924120031232,789,2928
1305,697995514407682048,354,1602
1306,697990423684476929,1378,3440
1307,697943111201378304,731,2507
1308,697881462549430272,1269,3154
1309,697616773278015490,1078,3307
1310,697596423848730625,1342,3168
1311,697575480820686848,532,2136
1312,697482927769255936,715,2528
1313,697463031882764288,1465,3563
1314,697270446429966336,1983,4891
1315,697259378236399616,1055,3438
1316,697255105972801536,1231,3158
1317,697242256848379904,706,2631
1318,696900204696625153,1090,3333
1319,696894894812565505,717,2445
1320,696886256886657024,1911,5070
1321,696877980375769088,755,2551
1322,696754882863349760,379,1544
1323,696713835009417216,686,2483
1324,696488710901260288,1098,2658
1325,696405997980676096,1213,3365
1326,695816827381944320,1239,3146
1327,695794761660297217,832,3335
1328,695767669421768709,794,1959
1329,695629776980148225,2232,4778
1330,695446424020918272,1929,4564
1331,695409464418041856,3803,9047
1332,695314793360662529,1562,3798
1333,695095422348574720,655,2764
1334,695074328191332352,1180,2976
1335,695064344191721472,640,1684
1336,695051054296211456,838,2789
1337,694905863685980160,991,2883
1339,694356675654983680,307,1575
1340,694352839993344000,661,2135
1341,694329668942569472,533,2102
1342,694206574471057408,2161,4385
1343,694183373896572928,990,3087
1344,694001791655137281,1097,3557
1345,693942351086120961,393,1815
1346,693647888581312512,629,2827
1347,693642232151285760,444,2660
1348,693629975228977152,850,2565
1349,693622659251335168,393,1618
1350,693590843962331137,2102,5304
1351,693486665285931008,672,1868
1352,693280720173801472,1319,3523
1353,693262851218264065,534,2337
1354,693231807727280129,779,3001
1355,693155686491000832,3405,8244
1356,693109034023534592,653,1799
1357,693095443459342336,491,1964
1358,692919143163629568,796,2796
1359,692905862751522816,933,2550
1360,692901601640583168,645,1867
1361,692894228850999298,862,2387
1362,692828166163931137,937,3020
1363,692752401762250755,3867,7155
1364,692568918515392513,1637,4556
1365,692535307825213440,1446,3352
1366,692530551048294401,443,1935
1368,692187005137076224,872,2643
1369,692158366030913536,846,2251
1370,692142790915014657,418,1720
1371,692017291282812928,1014,3001
1372,691820333922455552,1767,4136
1373,691756958957883396,1088,3028
1374,691675652215414786,539,2036
1375,691483041324204033,601,2483
1376,691459709405118465,1227,4253
1377,691444869282295808,897,2781
1379,691321916024623104,702,2691
1380,691096613310316544,942,3100
1381,691090071332753408,358,1792
1382,690959652130045952,1339,3767
1383,690938899477221376,2120,4325
1384,690932576555528194,1086,3441
1385,690735892932222976,1361,3952
1386,690728923253055490,550,2272
1387,690690673629138944,850,2436
1388,690649993829576704,296,1368
1389,690597161306841088,642,2056
1390,690400367696297985,483,1961
1391,690374419777196032,915,3416
1392,690360449368465409,949,2766
1393,690248561355657216,438,1758
1394,690021994562220032,1102,2922
1395,690015576308211712,789,2632
1396,690005060500217858,1796,3843
1397,689999384604450816,396,1494
1398,689977555533848577,475,1434
1399,689905486972461056,738,2544
1400,689877686181715968,1258,3173
1401,689835978131935233,800,2258
1402,689661964914655233,992,3354
1403,689659372465688576,4131,10854
1404,689623661272240129,682,2334
1405,689599056876867584,5901,12167
1406,689557536375177216,491,2144
1407,689517482558820352,1523,3564
1408,689289219123089408,997,2366
1409,689283819090870273,1178,3441
1410,689280876073582592,764,2089
1411,689275259254616065,261,1211
1412,689154315265683456,1070,3212
1413,689143371370250240,546,2120
1414,688916208532455424,927,2864
1415,688908934925697024,823,2215
1416,688898160958271489,841,2203
1417,688894073864884227,739,2340
1418,688828561667567616,397,1449
1419,688804835492233216,206,1007
1420,688789766343622656,706,2327
1421,688547210804498433,749,2738
1422,688519176466644993,785,2427
1423,688385280030670848,4749,9729
1424,688211956440801280,887,2332
1425,688179443353796608,622,2214
1426,688116655151435777,830,2957
1427,688064179421470721,382,1812
1428,687826841265172480,1198,2855
1429,687818504314159109,1010,2621
1430,687807801670897665,748,2507
1431,687704180304273409,889,2553
1432,687664829264453632,543,2029
1433,687494652870668288,612,1998
1434,687480748861947905,258,1674
1435,687476254459715584,569,2071
1436,687460506001633280,578,2150
1438,687312378585812992,2025,4568
1439,687127927494963200,2439,5724
1440,687124485711986689,536,2270
1441,687109925361856513,2628,6089
1442,687102708889812993,1054,2448
1443,687096057537363968,646,2353
1444,686947101016735744,3390,9029
1445,686749460672679938,1553,3639
1446,686730991906516992,1279,4348
1447,686683045143953408,856,2944
1448,686618349602762752,1452,3869
1449,686606069955735556,580,1986
1450,686386521809772549,937,3414
1451,686377065986265092,599,2330
1452,686358356425093120,724,2307
1453,686050296934563840,779,2308
1454,686034024800862208,1241,3270
1455,686007916130873345,449,2600
1456,686003207160610816,677,1912
1457,685973236358713344,560,2214
1458,685943807276412928,643,1708
1459,685906723014619143,3108,7883
1460,685667379192414208,609,2452
1461,685663452032069632,1565,3415
1462,685641971164143616,831,3075
1463,685547936038666240,16740,34579
1464,685532292383666176,1229,3191
1466,685321586178670592,685,2771
1467,685315239903100929,1153,3512
1468,685307451701334016,468,2169
1469,685268753634967552,1287,3241
1470,685198997565345792,710,2444
1471,685169283572338688,1516,4297
1472,684959798585110529,3340,7143
1473,684940049151070208,1115,3376
1474,684926975086034944,497,3672
1475,684914660081053696,1563,3676
1476,684902183876321280,568,1970
1477,684880619965411328,874,2206
1478,684800227459624960,1062,2841
1479,684594889858887680,3780,9366
1480,684567543613382656,1312,3151
1481,684538444857667585,1018,2775
1482,684481074559381504,1246,4057
1483,684460069371654144,591,2076
1484,684241637099323392,3532,8547
1485,684225744407494656,227,1293
1486,684222868335505415,1468,4021
1487,684200372118904832,1099,2269
1488,684195085588783105,552,2008
1489,684188786104872960,1251,3643
1490,684177701129875456,719,2113
1491,684122891630342144,505,2086
1492,684097758874210310,1535,4308
1493,683857920510050305,1191,3985
1494,683852578183077888,374,2017
1495,683849932751646720,1046,2746
1496,683834909291606017,1187,2744
1497,683828599284170753,1130,2932
1498,683773439333797890,1449,3502
1499,683742671509258241,3547,6819
1500,683498322573824003,1028,3327
1501,683481228088049664,1062,2762
1502,683462770029932544,713,2543
1503,683449695444799489,1722,4084
1505,683357973142474752,1000,3076
1506,683142553609318400,1111,3020
1507,683111407806746624,972,3550
1508,683098815881154561,704,2269
1509,683078886620553216,600,2074
1510,683030066213818368,778,2257
1511,682962037429899265,17832,38718
1512,682788441537560576,1193,2589
1513,682750546109968385,465,1593
1514,682697186228989953,383,1370
1515,682662431982772225,1157,3191
1516,682638830361513985,645,2149
1517,682429480204398592,1244,3595
1518,682406705142087680,1881,7945
1519,682393905736888321,729,2348
1520,682389078323662849,500,1740
1521,682303737705140231,1070,3221
1522,682259524040966145,1294,4368
1523,682242692827447297,1261,3404
1524,682059653698686977,1800,5192
1525,682047327939461121,1028,3357
1526,682032003584274432,2149,6887
1527,682003177596559360,1639,3297
1528,681981167097122816,1102,2918
1529,681891461017812993,881,2579
1531,681679526984871937,480,1844
1532,681654059175129088,989,2759
1533,681610798867845120,507,1997
1534,681579835668455424,1388,3711
1536,681339448655802368,4345,9726
1537,681320187870711809,807,2781
1538,681302363064414209,1954,4131
1539,681297372102656000,1022,3351
1540,681281657291280384,1177,3369
1541,681261549936340994,292,1521
1542,681242418453299201,574,1567
1543,681231109724700672,517,2509
1544,681193455364796417,1591,3886
1545,680970795137544192,712,2541
1546,680959110691590145,2134,4762
1547,680940246314430465,1127,3366
1548,680934982542561280,468,2175
1549,680913438424612864,661,2502
1550,680889648562991104,391,1848
1551,680836378243002368,1421,3618
1552,680801747103793152,882,2480
1553,680798457301471234,1114,2993
1554,680609293079592961,762,2759
1555,680583894916304897,1437,3791
1556,680497766108381184,2040,4429
1557,680494726643068929,513,1793
1558,680473011644985345,796,2664
1559,680440374763077632,538,1518
1560,680221482581123072,306,1516
1561,680206703334408192,1257,2968
1562,680191257256136705,539,2240
1563,680176173301628928,1675,4078
1564,680161097740095489,783,2424
1565,680145970311643136,1863,3786
1566,680130881361686529,1017,2389
1567,680115823365742593,969,2831
1568,680100725817409536,1456,3733
1569,680085611152338944,9525,13379
1570,680070545539371008,935,2694
1571,679877062409191424,686,2056
1572,679862121895714818,664,2570
1573,679854723806179328,1312,2995
1574,679844490799091713,814,2480
1576,679777920601223168,1190,3219
1577,679736210798047232,844,2180
1578,679729593985699840,874,2264
1579,679722016581222400,498,1732
1580,679530280114372609,2206,4975
1581,679527802031484928,770,2764
1582,679511351870550016,1353,3514
1583,679503373272485890,1573,3285
1584,679475951516934144,683,2182
1587,679148763231985668,1099,2885
1588,679132435750195208,1233,3090
1589,679111216690831360,2724,6206
1591,679047485189439488,724,2346
1592,678991772295516161,1253,2426
1593,678969228704284672,491,1714
1594,678800283649069056,960,2684
1595,678798276842360832,1262,3628
1596,678774928607469569,978,2917
1597,678767140346941444,1455,3678
1598,678764513869611008,505,1707
1599,678755239630127104,3518,7440
1600,678740035362037760,1805,3915
1601,678675843183484930,1575,2994
1602,678643457146150913,450,2139
1603,678446151570427904,1664,4161
1604,678424312106393600,2695,5633
1605,678410210315247616,1937,4410
1606,678399652199309312,33750,82319
1607,678396796259975168,445,1655
1608,678389028614488064,445,1944
1609,678380236862578688,965,2538
1610,678341075375947776,569,1794
1611,678334497360859136,276,1352
1612,678278586130948096,6448,11913
1613,678255464182861824,396,1645
1614,678021115718029313,6762,14309
1615,677918531514703872,435,1401
1616,677895101218201600,2230,5020
1617,677716515794329600,1024,3169
1618,677700003327029250,1529,3522
1619,677698403548192770,336,1274
1620,677687604918272002,893,2572
1621,677673981332312066,1585,3469
1622,677662372920729601,1030,2024
1623,677644091929329666,844,1939
1624,677573743309385728,765,2225
1625,677565715327688705,483,1341
1626,677557565589463040,1232,2535
1627,677547928504967168,3855,7184
1628,677530072887205888,240,1114
1629,677334615166730240,311,1405
1630,677331501395156992,248,1132
1631,677328882937298944,1582,3766
1632,677314812125323265,567,1702
1633,677301033169788928,433,1287
1634,677269281705472000,742,2069
1635,677228873407442944,1731,3677
1636,677187300187611136,976,2832
1637,676975532580409345,1131,2880
1638,676957860086095872,851,2289
1639,676949632774234114,421,1348
1640,676948236477857792,919,2252
1641,676946864479084545,399,1768
1642,676942428000112642,802,2146
1644,676897532954456065,762,2335
1645,676864501615042560,749,2177
1646,676821958043033607,16474,23854
1647,676819651066732545,702,1867
1648,676811746707918848,446,1461
1649,676776431406465024,2111,5164
1650,676617503762681856,1036,2997
1651,676613908052996102,206,1125
1652,676606785097199616,462,1946
1653,676603393314578432,408,1206
1654,676588346097852417,842,2409
1655,676582956622721024,293,1249
1656,676575501977128964,1182,2682
1657,676533798876651520,587,1947
1658,676496375194980353,563,1573
1659,676470639084101634,4919,11997
1660,676440007570247681,697,1778
1661,676430933382295552,362,1445
1662,676263575653122048,578,2142
1663,676237365392908289,309,1262
1664,676219687039057920,32612,77284
1665,676215927814406144,614,1793
1666,676191832485810177,1080,2354
1667,676146341966438401,701,1984
1668,676101918813499392,1220,2904
1669,676098748976615425,1511,3102
1670,676089483918516224,451,1354
1671,675898130735476737,599,1682
1672,675891555769696257,912,2196
1673,675888385639251968,1006,2450
1674,675878199931371520,1466,4302
1675,675870721063669760,600,1689
1676,675853064436391936,1361,2773
1677,675845657354215424,931,2359
1678,675822767435051008,560,1571
1679,675820929667219457,241,1081
1680,675798442703122432,3550,10550
1681,675781562965868544,495,1664
1682,675740360753160193,364,1199
1683,675710890956750848,865,1944
1684,675707330206547968,729,2041
1685,675706639471788032,103,664
1686,675534494439489536,436,1869
1687,675531475945709568,404,1218
1688,675522403582218240,299,1072
1689,675517828909424640,478,1340
1691,675497103322386432,1358,3232
1692,675489971617296384,624,1341
1693,675483430902214656,1018,1900
1694,675432746517426176,595,1567
1695,675372240448454658,531,1744
1696,675362609739206656,239,1080
1697,675354435921575936,17972,33708
1698,675349384339542016,2362,4022
1699,675334060156301312,1353,2860
1700,675166823650848770,1683,3708
1701,675153376133427200,2733,6452
1702,675149409102012420,1761,3840
1703,675147105808306176,252,965
1704,675146535592706048,328,1226
1705,675145476954566656,944,2188
1706,675135153782571009,514,1332
1707,675113801096802304,816,1999
1708,675111688094527488,264,987
1709,675109292475830276,1183,2874
1710,675047298674663426,342,1089
1711,675015141583413248,1253,2784
1712,675006312288268288,236,1009
1713,675003128568291329,491,1594
1714,674999807681908736,1145,2300
1715,674805413498527744,369,877
1716,674800520222154752,893,3077
1717,674793399141146624,1134,2563
1718,674790488185167872,261,1129
1719,674788554665512960,218,831
1720,674781762103414784,1253,2050
1721,674774481756377088,494,1151
1722,674767892831932416,822,1867
1723,674764817387900928,247,800
1724,674754018082705410,466,1393
1725,674752233200820224,485,1493
1726,674743008475090944,577,1439
1727,674739953134403584,411,1136
1728,674737130913071104,96,662
1729,674690135443775488,485,1176
1730,674670581682434048,680,1649
1731,674664755118911488,264,942
1732,674646392044941312,519,1470
1733,674644256330530816,281,1052
1734,674638615994089473,604,1717
1735,674632714662858753,602,1538
1736,674468880899788800,2142,6369
1737,674447403907457024,369,1087
1738,674436901579923456,410,1139
1739,674422304705744896,556,1467
1740,674416750885273600,146,698
1741,674410619106390016,482,1225
1742,674394782723014656,595,1533
1743,674372068062928900,322,864
1744,674318007229923329,534,1443
1746,674271431610523648,756,1600
1747,674269164442398721,233,921
1748,674265582246694913,879,1672
1749,674262580978937856,470,1331
1750,674255168825880576,580,1501
1751,674082852460433408,176,770
1752,674075285688614912,299,997
1753,674063288070742018,2296,6495
1754,674053186244734976,1349,3393
1755,674051556661161984,500,1473
1756,674045139690631169,659,1448
1757,674042553264685056,133,737
1758,674038233588723717,425,1126
1759,674036086168010753,221,862
1760,674024893172875264,1271,1821
1761,674019345211760640,309,1155
1762,674014384960745472,672,1592
1763,674008982932058114,367,1224
1764,673956914389192708,1000,1986
1765,673919437611909120,379,1188
1766,673906403526995968,1674,3250
1767,673887867907739649,259,949
1768,673715861853720576,2160,3601
1769,673711475735838725,304,1054
1770,673709992831262724,284,860
1771,673708611235921920,299,1094
1772,673707060090052608,404,1112
1773,673705679337693185,411,1273
1774,673700254269775872,591,1465
1775,673697980713705472,2023,3872
1776,673689733134946305,668,1768
1777,673688752737402881,510,1286
1778,673686845050527744,453,1470
1779,673680198160809984,482,1396
1780,673662677122719744,370,1277
1781,673656262056419329,250,729
1782,673636718965334016,373,1131
1783,673612854080196609,742,1612
1784,673583129559498752,380,1211
1785,673580926094458881,276,848
1786,673576835670777856,578,1407
1787,673363615379013632,314,1043
1788,673359818736984064,692,1483
1789,673355879178194945,600,1514
1790,673352124999274496,552,1680
1791,673350198937153538,220,755
1792,673345638550134785,1319,2568
1793,673343217010679808,278,989
1794,673342308415348736,605,1296
1796,673317986296586240,266,885
1798,673270968295534593,380,1081
1799,673240798075449344,753,1439
1800,673213039743795200,874,2292
1801,673148804208660480,650,1723
1802,672997845381865473,741,2000
1803,672995267319328768,307,973
1804,672988786805112832,301,995
1805,672984142909456390,559,1270
1806,672980819271634944,1032,1846
1807,672975131468300288,941,1711
1808,672970152493887488,366,961
1809,672968025906282496,560,1333
1810,672964561327235073,658,1441
1811,672902681409806336,519,1387
1812,672898206762672129,436,914
1813,672884426393653248,853,1581
1814,672877615439593473,380,1049
1815,672834301050937345,585,1332
1816,672828477930868736,506,1271
1817,672640509974827008,330,986
1818,672622327801233409,509,1315
1819,672614745925664768,600,1239
1820,672609152938721280,399,1128
1821,672604026190569472,411,1130
1822,672594978741354496,623,1350
1823,672591762242805761,343,964
1824,672591271085670400,189,742
1825,672538107540070400,378,1047
1826,672523490734551040,177,649
1827,672488522314567680,449,1130
1828,672482722825261057,621,1149
1829,672481316919734272,128,724
1830,672475084225949696,718,1453
1831,672466075045466113,553,1374
1832,672272411274932228,3486,6547
1833,672267570918129665,630,1523
1834,672264251789176834,347,1160
1835,672256522047614977,1596,2852
1836,672254177670729728,762,1453
1837,672248013293752320,627,1746
1838,672245253877968896,162,699
1839,672239279297454080,329,909
1840,672231046314901505,1041,1862
1841,672222792075620352,216,797
1842,672205392827572224,1186,2296
1843,672169685991993344,378,1037
1844,672160042234327040,369,879
1845,672139350159835138,733,1774
1846,672125275208069120,1170,2444
1847,672095186491711488,376,1011
1848,672082170312290304,375,953
1849,672068090318987265,528,1313
1851,671891728106971137,585,1345
1852,671882082306625538,1413,3515
1853,671879137494245376,701,1444
1854,671874878652489728,574,1263
1855,671866342182637568,515,1136
1856,671855973984772097,459,919
1857,671789708968640512,3581,7153
1858,671768281401958400,540,1208
1859,671763349865160704,948,1711
1860,671744970634719232,792,1362
1861,671743150407421952,237,749
1862,671735591348891648,777,1474
1863,671729906628341761,4471,8625
1864,671561002136281088,7420,13010
1865,671547767500775424,611,1370
1866,671544874165002241,1074,2014
1867,671542985629241344,580,1105
1868,671538301157904385,406,940
1869,671536543010570240,420,1191
1870,671533943490011136,591,1034
1871,671528761649688577,265,848
1872,671520732782923777,540,1418
1873,671518598289059840,300,966
1874,671511350426865664,743,1630
1875,671504605491109889,3637,7135
1876,671497587707535361,455,930
1877,671488513339211776,479,1026
1878,671486386088865792,210,585
1879,671485057807351808,236,771
1880,671390180817915904,750,1437
1881,671362598324076544,301,1126
1882,671357843010908160,150,405
1883,671355857343524864,116,485
1884,671347597085433856,439,971
1885,671186162933985280,218,745
1886,671182547775299584,353,1141
1887,671166507850801152,360,886
1888,671163268581498880,1135,1684
1889,671159727754231808,84,379
1890,671154572044468225,225,725
1891,671151324042559489,158,680
1892,671147085991960577,232,684
1893,671141549288370177,671,1184
1894,671138694582165504,415,942
1895,671134062904504320,199,761
1896,671122204919246848,2591,3551
1897,671115716440031232,794,1381
1898,671109016219725825,452,1162
1899,670995969505435648,300,1118
1900,670842764863651840,8961,24934
1901,670840546554966016,199,602
1902,670838202509447168,713,1129
1903,670833812859932673,128,456
1904,670832455012716544,225,745
1905,670826280409919488,4157,5637
1906,670823764196741120,197,786
1907,670822709593571328,99,619
1908,670815497391357952,1577,3215
1909,670811965569282048,276,1146
1910,670807719151067136,502,1171
1911,670804601705242624,983,1998
1912,670803562457407488,89,346
1913,670797304698376195,243,744
1914,670792680469889025,285,841
1915,670789397210615808,246,670
1916,670786190031921152,206,608
1917,670783437142401025,406,832
1918,670782429121134593,793,1588
1919,670780561024270336,297,794
1920,670778058496974848,74,331
1921,670764103623966721,436,1086
1922,670755717859713024,114,447
1923,670733412878163972,524,977
1924,670727704916926465,370,838
1925,670717338665226240,509,1228
1926,670704688707301377,383,774
1927,670691627984359425,250,597
1928,670679630144274432,290,756
1929,670676092097810432,44,252
1930,670668383499735048,5178,10867
1931,670474236058800128,782,1554
1932,670468609693655041,87,356
1933,670465786746662913,566,979
1934,670452855871037440,213,557
1935,670449342516494336,685,1210
1937,670442337873600512,202,651
1938,670435821946826752,530,1066
1939,670434127938719744,661,1425
1940,670433248821026816,117,331
1941,670428280563085312,649,1404
1942,670427002554466305,167,524
1943,670421925039075328,651,1328
1944,670420569653809152,322,634
1945,670417414769758208,325,578
1946,670411370698022913,923,2055
1947,670408998013820928,231,565
1948,670403879788544000,161,439
1949,670385711116361728,217,566
1950,670374371102445568,277,752
1951,670361874861563904,69,332
1952,670338931251150849,113,432
1954,670303360680108032,139,432
1955,670290420111441920,293,717
1956,670093938074779648,344,1044
1957,670086499208155136,261,707
1958,670079681849372674,1275,2250
1959,670073503555706880,811,1596
1960,670069087419133954,250,639
1961,670061506722140161,351,779
1962,670055038660800512,340,680
1963,670046952931721218,181,655
1964,670040295598354432,115,769
1965,670037189829525505,286,597
1966,670003130994700288,95,338
1967,669993076832759809,86,329
1968,669972011175813120,167,452
1969,669970042633789440,62,307
1970,669942763794931712,170,515
1971,669926384437997569,108,382
1972,669923323644657664,59,240
1973,669753178989142016,411,828
1974,669749430875258880,67,271
1975,669683899023405056,114,395
1976,669682095984410625,136,358
1977,669680153564442624,296,678
1978,669661792646373376,452,816
1979,669625907762618368,1857,3580
1980,669603084620980224,371,957
1981,669597912108789760,154,519
1982,669583744538451968,949,1511
1983,669573570759163904,145,441
1984,669571471778410496,1043,1612
1985,669567591774625800,58,240
1986,669564461267722241,128,392
1987,669393256313184256,79,373
1988,669375718304980992,751,1356
1989,669371483794317312,186,504
1990,669367896104181761,163,472
1991,669363888236994561,235,635
1992,669359674819481600,127,374
1993,669354382627049472,1301,2749
1994,669353438988365824,266,655
1995,669351434509529089,192,448
1996,669328503091937280,426,1026
1997,669327207240699904,119,585
1998,669324657376567296,213,503
1999,669216679721873412,414,1203
2000,669214165781868544,173,446
2001,669203728096960512,491,1017
2002,669037058363662336,321,667
2003,669015743032369152,382,754
2004,669006782128353280,257,586
2006,668994913074286592,238,448
2007,668992363537309700,355,751
2008,668989615043424256,337,691
2009,668988183816871936,484,909
2010,668986018524233728,173,563
2011,668981893510119424,317,545
2012,668979806671884288,356,805
2013,668975677807423489,596,1325
2014,668960084974809088,245,714
2015,668955713004314625,74,285
2016,668932921458302977,59,270
2017,668902994700836864,103,324
2018,668892474547511297,154,400
2019,668872652652679168,308,535
2020,668852170888998912,171,459
2021,668826086256599040,141,441
2022,668815180734689280,278,581
2023,668779399630725120,380,714
2024,668655139528511488,223,541
2025,668645506898350081,549,908
2026,668643542311546881,543,891
2027,668641109086707712,552,1096
2028,668636665813057536,500,1057
2029,668633411083464705,1690,2861
2030,668631377374486528,325,730
2031,668627278264475648,118,323
2032,668625577880875008,138,394
2033,668623201287675904,792,1454
2034,668620235289837568,44,205
2035,668614819948453888,321,620
2036,668567822092664832,57,248
2037,668544745690562560,232,527
2038,668542336805281792,221,468
2039,668537837512433665,77,255
2040,668528771708952576,232,469
2041,668507509523615744,111,330
2042,668496999348633600,135,420
2043,668484198282485761,241,433
2044,668480044826800133,152,469
2045,668466899341221888,526,893
2046,668297328638447616,304,628
2047,668291999406125056,32,247
2048,668286279830867968,142,511
2049,668274247790391296,235,834
2050,668268907921326080,243,560
2051,668256321989451776,633,1317
2052,668248472370458624,501,1007
2053,668237644992782336,2908,6283
2054,668226093875376128,106,304
2055,668221241640230912,203,515
2056,668204964695683073,200,558
2057,668190681446379520,200,661
2058,668171859951755264,201,498
2059,668154635664932864,323,504
2060,668142349051129856,294,571
2061,668113020489474048,248,672
2062,667937095915278337,808,1277
2063,667924896115245057,113,306
2064,667915453470232577,58,212
2065,667911425562669056,310,494
2066,667902449697558528,383,859
2067,667886921285246976,1113,1905
2068,667885044254572545,499,825
2069,667878741721415682,122,394
2070,667873844930215936,416,632
2072,667861340749471744,78,244
2073,667832474953625600,63,292
2074,667806454573760512,505,1065
2075,667801013445750784,97,330
2076,667793409583771648,336,707
2077,667782464991965184,248,414
2078,667773195014021121,58,237
2079,667766675769573376,220,445
2080,667728196545200128,152,379
2081,667724302356258817,324,488
2082,667548695664070656,35,176
2083,667548415174144001,33,177
2084,667549055577362432,2322,5839
2085,667546741521195010,126,336
2086,667544320556335104,532,874
2087,667538891197542400,66,205
2088,667534815156183040,549,825
2089,667530908589760512,244,472
2090,667524857454854144,1124,1710
2091,667517642048163840,194,369
2093,667502640335572993,222,537
2094,667495797102141441,274,522
2095,667491009379606528,232,532
2096,667470559035432960,100,257
2097,667455448082227200,60,192
2098,667453023279554560,91,314
2099,667443425659232256,588,784
2100,667437278097252352,242,451
2101,667435689202614272,84,305
2102,667405339315146752,221,468
2103,667393430834667520,58,196
2104,667369227918143488,166,367
2105,667211855547486208,244,495
2106,667200525029539841,263,616
2107,667192066997374976,109,385
2108,667188689915760640,421,745
2109,667182792070062081,6262,14382
2110,667177989038297088,55,192
2111,667176164155375616,464,612
2112,667174963120574464,84,245
2113,667171260800061440,91,221
2114,667165590075940865,1147,2700
2115,667160273090932737,62,257
2118,667119796878725120,128,330
2119,667090893657276420,129,332
2120,667073648344346624,123,404
2121,667065535570550784,48,166
2122,667062181243039745,55,218
2123,667044094246576128,51,183
2124,667012601033924608,225,448
2125,666996132027977728,94,244
2126,666983947667116034,987,2551
2127,666837028449972224,556,818
2128,666835007768551424,80,213
2129,666826780179869698,97,254
2130,666817836334096384,251,516
2131,666804364988780544,94,240
2132,666786068205871104,487,760
2133,666781792255496192,195,387
2134,666776908487630848,175,351
2135,666739327293083650,66,236
2136,666701168228331520,219,430
2137,666691418707132416,47,186
2138,666649482315059201,624,1117
2139,666644823164719104,81,230
2140,666454714377183233,208,516
2141,666447344410484738,20,104
2142,666437273139982337,48,124
2143,666435652385423360,53,164
2144,666430724426358785,195,312
2145,666428276349472768,83,164
2146,666421158376562688,111,313
2147,666418789513326592,45,122
2148,666411507551481857,323,438
2149,666407126856765440,40,105
2150,666396247373291520,84,164
2151,666373753744588802,90,185
2152,666362758909284353,562,763
2153,666353288456101888,71,215
2154,666345417576210432,133,288
2155,666337882303524864,90,193
2156,666293911632134144,347,490
2157,666287406224695296,64,143
2158,666273097616637952,76,171
2159,666268910803644416,35,100
2161,666102155909144576,12,78
2162,666099513787052032,66,151
2163,666094000022159362,72,161
2164,666082916733198337,44,114
2165,666073100786774016,160,316
2166,666071193221509120,59,142
2167,666063827256086533,213,465
2168,666058600524156928,57,109
2169,666057090499244032,139,290
2170,666055525042405380,237,429
2171,666051853826850816,837,1204
2172,666050758794694657,59,130
2173,666049248165822465,41,106
2174,666044226329800704,139,293
2175,666033412701032449,43,123
2176,666029285002620928,47,125
2177,666020888022790149,501,2530
