892420643555336193 8310 38002
892177421306343426 6139 32631
891815181378084864 4064 24551
891689557279858688 8447 41345
891327558926688256 9154 39533
891087950875897856 3046 19865
890971913173991426 2018 11606
890729181411237888 18435 64123
890609185150312448 4182 27278
890240255349198849 7214 31299
890006608113172480 7170 30079
889880896479866881 4864 27278
889665388333682689 9819 47195
889638837579907072 4432 26634
889531135344209921 2198 14832
889278841981685760 5253 24767
888917238123831296 4401 28566
888804989199671297 4192 25077
888554962724278272 3471 19444
887473957103951883 17766 67726
888078434458587136 3415 21334
887705289381826560 5275 29602
887517139158093824 11420 45399
887473957103951883 17766 67726
887343217045368832 10171 33045
887101392804085760 5832 29992
886983233522544640 7601 34474
886736880519319552 3209 11834
886680336477933568 4363 21999
886366144734445568 3130 20790
886258384151887873 6145 27469
886053434075471873 205 3250
885984800019947520 6631 32028
885528943205470208 6286 35312
830583320585068544 18152 70462
885167619883638784 4291 21509
884925521741709313 17854 75972
884876753390489601 5487 27395
884562892145688576 4589 23839
884441805382717440 5534 26482
883965650754039809 67968 220197
884162670584377345 2922 19961
883838122936631299 3374 21484
883482846933004288 9721 45060
883360690899218434 3622 22255
883117836046086144 6526 36463
882992080364220416 3839 23495
882762694511734784 4812 27764
882627270321602560 5952 27412
882268110199369728 11353 44094
882045870035918850 4861 28810
881906580714921986 3322 23854
881666595344535552 10446 49642
881536004380872706 15611 48507
881268444196462592 5071 22655
880935762899988482 2730 16693
880872448815771648 3740 20867
880465832366813184 6146 28002
880221127280381952 4128 26548
880095782870896641 4262 27118
879862464715927552 3430 21914
879492040517615616 3116 22999
879415818425184262 43399 103947
879376492567855104 3054 16471
878057613040115712 6694 41278
879050749262655488 4629 22139
879008229531029506 2645 18635
878776093423087618 4048 19060
878599868507402241 158 769
878281511006478336 1267 7603
669000397445533696 6525 21152
878281511006478336 1267 7603
878057613040115712 6694 41278
877736472329191424 18731 78325
876850772322988033 79 1815
877556246731214848 3739 22328
877316821321428993 5089 26914
877201837425926144 5482 26653
876838120628539392 3279 20328
876162994446753793 10638 26997
876484053909872640 2358 18440
876120275196170240 4607 27444
875747767867523072 4221 24767
875144289856114688 4847 21560
874413398133547008 28504 75934
875021211251597312 4645 25046
874680097055178752 4567 27352
866334964761202691 14495 52386
874296783580663808 4043 25624
874057562936811520 3902 22295
874012996292530176 10253 34017
868880397819494401 14451 65129
873580283840344065 3888 23831
873213775632977920 1564 7129
873213775632977920 1564 7129
872967104147763200 5346 26943
872820683541237760 3649 14504
872620804844003328 3648 20503
872486979161796608 8927 40097
872261713294495745 6249 33730
872122724285648897 8039 33961
871879754684805121 11048 37440
871762521631449091 3447 20010
871515927908634625 3426 19954
841077006473256960 5660 23867
871075758080503809 11288 26112
871032628920680449 3787 22408
870804317367881728 6161 33243
870656317836468226 2628 12278
870374049280663552 26067 81858
870308999962521604 4134 21616
870063196459192321 8313 36310
859196978902773760 30752 90619
869772420881756160 9990 42018
869702957897576449 6327 27972
869596645499047938 3126 15831
869227993411051520 3774 20288
868880397819494401 14451 65129
868552278524837888 2097 10060
868622495443632128 5291 26550
868552278524837888 2097 10060
867900495410671616 4179 24051
867774946302451713 7344 33790
867421006826221569 2508 16028
865013420445368320 121 1830
867051520902168576 7882 32084
866450705531457537 35403 121827
866458718883467265 395 1381
866686824827068416 3491 19258
866450705531457537 35403 121827
866334964761202691 14495 52386
837820167694528512 8406 35808
865718153858494464 5646 25575
865359393868664832 5030 26426
865006731092295680 7728 27950
864873206498414592 8752 32255
864279568663928832 3055 14617
864197398364647424 9005 30145
863907417377173506 4178 20623
863553081350529029 4219 15309
863062471531167744 2476 8539
863432100342583297 5310 23846
863079547188785154 1114 8780
863062471531167744 2476 8539
862831371563274240 5146 19202
862722525377298433 3564 17096
862457590147678208 5010 20586
862096992088072192 23566 74754
806629075125202948 38200 80289
861383897657036800 10845 36208
861288531465048066 4208 17265
861005113778896900 3843 16780
860563773140209665 2187 7546
860914485250469888 835 10210
860563773140209665 2187 7546
860524505164394496 5362 23751
860276583193509888 3527 18396
860184849394610176 5939 16772
761672994376806400 31378 52457
859924526012018688 4157 19674
859851578198683649 3568 15502
859607811541651456 1603 18718
859196978902773760 30752 90619
859074603037188101 13872 34120
839549326359670784 8315 28772
858843525470990336 3547 15655
858471635011153920 4946 21697
858107933456039936 2976 15869
857989990357356544 2641 16285
857746408056729600 10874 34625
857393404942143489 1687 5973
857263160327368704 4625 20227
857061112319234050 177 5287
857029823797047296 4112 19154
844704788403113984 10965 40269
856543823941562368 2954 16458
856526610513747968 1934 11997
856282028240666624 6499 28108
855851453814013952 18236 46112
855656431005061120 3173 16112
855459453768019968 8463 30410
842163532590374912 6177 25499
855122533267460096 47 788
854732716440526848 6320 23245
854482394044301312 7104 29836
854365224396361728 4856 19262
854120357044912130 7750 32603
854010172552949760 3271 16524
853760880890318849 6008 29182
853639147608842240 10545 35603
853299958564483072 3718 15876
831650051525054464 2089 7560
852912242202992640 1913 9273
852672615818899456 2249 15272
852553447878664193 3664 16764
852311364735569921 10307 33945
852226086759018497 7098 20512
852189679701164033 1661 11760
829374341691346946 10064 36488
848289382176100353 23 734
851591660324737024 3626 16638
851464819735769094 7412 24931
851224888060895234 5981 21263
850753642995093505 9713 31891
850380195714523136 2743 13439
850145622816686080 4019 16819
850019790995546112 5139 21072
849776966551130114 7979 31405
833124694597443584 5208 21222
849412302885593088 3302 16378
849336543269576704 1987 11782
849051919805034497 8958 43822
848690551926992896 4543 26030
848324959059550208 4836 25574
848212111729840128 3234 16875
832369877331693569 3436 18053
847971000004354048 449 4512
847962785489326080 5380 24323
847842811428974592 1417 5663
847606175596138505 3582 19434
847251039262605312 4534 21186
847157206088847362 6182 20661
847116187444137987 3375 22185
846874817362120707 4151 20799
846514051647705089 12261 46288
846484798663245829 93 357
846153765933735936 9596 32864
846088479142531073 24422 48847
846042936437604353 3066 16591
845812042753855489 9250 30415
845677943972139009 5063 26069
756288534030475264 18833 45211
845397057150107648 1914 7923
845306882940190720 5710 24224
773308824254029826 8112 24690
844979544864018432 2736 14153
844973813909606400 3410 15702
844704788403113984 10965 40267
844580511645339650 3332 17139
844223788422217728 2335 14181
843856843873095681 4917 22283
843604394117681152 2929 17575
843235543001513987 6426 22379
807106840509214720 60924 126913
842846295480000512 3823 15849
842765311967449089 1356 7020
842535590457499648 3730 18851
842163532590374912 6177 25499
842115215311396866 3228 14584
817423860136083457 16323 36384
841680585030541313 8255 26738
841439858740625411 3916 13164
841311395547250688 12179 24031
841314665196081154 5002 16518
841077006473256960 5660 23867
840632337062862849 1870 9364
667152164079423490 17244 47895
840696689258311684 1043 12832
840632337062862849 1870 9364
840370681858686976 4854 17189
840268004936019968 6123 20116
839990271299457024 2451 14030
839549326359670784 8315 28772
839289919298224128 154 1927
839239871831150596 6989 28449
838948714227998720 4393 12096
838921590096166913 2221 11684
838905980628819968 36 752
783839966405230592 11805 32077
838561493054533637 1415 11422
838476387338051585 5146 23637
820749716845686786 10789 33487
838083903487373313 3376 18457
837820167694528512 8406 35808
837482249356513284 471 4017
837471256429613056 2456 13389
837366284874571778 5672 22141
837110210464448512 2560 16779
836989968035819520 2466 13334
836753516572119041 4944 20150
836677758902222849 2381 13218
836648149003485187 585 6818
817827839487737858 29634 55130
836380477523124226 3176 15436
836260088725786625 4600 22286
836001077879255040 4602 20024
786963064373534720 8735 28424
835574547218894849 3883 18664
835264098648616962 1824 8111
835297930240217089 3222 17229
835264098648616962 1824 8111
835172783151792128 6160 27425
835152434251116546 3241 23579
834931633769889797 1770 11373
834786237630337024 5893 22244
834574053763584002 2721 14362
829501995190984704 11457 33465
834458053273591808 1804 10089
834209720923721728 5139 21648
834167344700198914 3906 16552
834086379323871233 2386 13721
833863086058651648 2587 14086
833826103416520705 4013 18893
832434358292209665 231 2081
833722901757046785 3454 21760
833479644947025920 2225 15608
833124694597443584 5208 21222
832998151111966721 2383 13965
832766382198566913 40 1380
832757312314028032 3895 17688
832268302944579584 2063 3811
832636094638288896 3007 16658
832397543355072512 2394 12549
832369877331693569 3436 18053
832273440279240704 2514 11888
786709082849828864 6666 19432
793286476301799424 10111 26335
769940425801170949 10465 33367
832032802820481025 4993 18747
831939777352105988 6610 25237
831911600680497154 7032 29113
831670449226514432 1952 10995
831650051525054464 2089 7560
831552930092285952 2472 9467
831322785565769729 1646 9691
831315979191906304 1204 6873
831309418084069378 2632 12347
831262627380748289 2212 12543
830956169170665475 1613 8383
830583320585068544 18152 70462
809220051211603969 6154 21273
830097400375152640 3244 10352
826958653328592898 5421 22792
829861396166877184 2113 12883
829501995190984704 11457 33465
829449946868879360 2197 11032
829374341691346946 10064 36488
829141528400556032 8007 25831
829011960981237760 17537 55885
810254108431155201 3672 15686
828770345708580865 6340 26971
828708714936930305 12133 38610
828650029636317184 1458 10013
828409743546925057 1245 6637
828408677031882754 1390 8075
828381636999917570 2410 13317
828376505180889089 1150 7791
828372645993398273 3188 13231
828046555563323392 3097 12404
828011680017821696 2326 10929
827933404142436356 5651 21254
827653905312006145 3249 16264
827600520311402496 1027 7815
827324948884643840 3321 16751
694669722378485760 15400 37426
827199976799354881 2428 11161
826958653328592898 5421 22792
826848821049180160 11062 38521
809920764300447744 4279 16545
826598365270007810 2548 10643
826476773533745153 4541 19468
826240494070030336 2808 14046
826204788643753985 1009 5166
826115272272650244 3403 16549
825876512159186944 2027 11065
825829644528148480 2696 13467
825535076884762624 18640 55087
825147591692263424 4963 19368
825026590719483904 1388 6715
825026590719483904 1388 6715
795076730285391872 5958 17383
824775126675836928 3819 15843
824663926340194305 1886 10665
824325613288833024 11269 12471
824297048279236611 4201 15940
823966201328046080 2416 8659
823939628516474880 2947 11261
823699002998870016 2625 13324
823581115634085888 2873 13810
823322678127919110 4367 16675
822244816520155136 10706 37131
822975315408461824 3738 18310
822872901745569793 47658 140278
822859134160621569 2488 14014
822489057087389700 6968 19251
822610361945911296 3228 15668
822489057087389700 6968 19251
822462944365645825 15930 30180
822244816520155136 10706 37131
786233965241827333 5226 16342
821886076407029760 2546 12045
780601303617732608 3632 12875
821765923262631936 1812 8927
821522889702862852 1932 8506
782305867769217024 6087 17783
821407182352777218 4726 12486
821149554670182400 2193 9251
821107785811234820 2316 10173
821044531881721856 2494 13446
819227688460238848 7304 24535
820749716845686786 10789 33484
820690176645140481 3509 12952
820314633777061888 616 3538
800141422401830912 2819 16382
820314633777061888 616 3538
820078625395449857 6849 21049
819952236453363712 1288 5642
819952236453363712 1288 5642
819924195358416896 5269 13665
819711362133872643 3411 14281
819588359383371776 2145 10157
819347104292290561 1316 7665
819227688460238848 7304 24535
819004803107983360 40036 92074
819006400881917954 20628 47997
819006400881917954 20628 47997
819004803107983360 40036 92074
818627210458333184 8118 23580
818614493328580609 2817 10482
773547596996571136 6692 23463
818536468981415936 2704 11593
816450570814898180 8865 32544
818259473185828864 2495 11727
818145370475810820 2835 13061
817902080979599361 871 4044
817827839487737858 29634 55130
817777686764523521 2915 11379
817536400337801217 3311 12552
692417313023332352 3701 9764
817423860136083457 16323 36384
817415592588222464 1049 5972
815966073409433600 9278 23894
817171292965273600 2195 9287
817120970343411712 2862 12948
817056546584727552 1803 9120
790946055508652032 5150 17765
816816676327063552 2219 10637
816697700272001025 2412 10429
816450570814898180 8865 32544
816336735214911488 2135 9145
816091915477250048 2359 9497
815990720817401858 1137 5323
732005617171337216 5808 15588
815990720817401858 1137 5323
815966073409433600 9278 23894
791406955684368384 4513 14042
815736392542261248 2485 10475
815639385530101762 1796 8745
815390420867969024 4163 11038
814986499976527872 1412 8134
814638523311648768 2962 12004
698195409219559425 6343 17541
814530161257443328 2031 9224
814153002265309185 9496 30665
790277117346975746 3490 13419
813910438903693312 2059 9910
813812741911748608 15316 38749
813800681631023104 1919 8889
813217897535406080 7987 19918
813202720496779264 1966 9792
813187593374461952 4784 21150
813172488309972993 2091 9944
813157409116065792 2426 8275
813142292504645637 2579 8986
813127251579564032 3419 12638
813112105746448384 3017 11011
813096984823349248 3940 11233
813081950185472002 3029 10536
813066809284972545 2129 8488
813051746834595840 8033 22362
812781120811126785 2093 8084
812709060537683968 1565 7069
812503143955202048 1334 6483
812466873996607488 2108 8522
812372279581671427 4014 14616
811985624773361665 1540 7754
811744202451197953 1761 8055
811627233043480576 3418 13635
811386762094317568 6999 22317
810984652412424192 1569 5688
810896069567610880 1959 9651
810657578271330305 2903 11711
810284430598270976 12479 37831
810254108431155201 3672 15683
809920764300447744 4279 16545
793962221541933056 5370 18017
809448704142938112 1606 7393
809220051211603969 6154 21273
809084759137812480 3839 14111
808838249661788160 3333 10789
808733504066486276 2377 8448
808501579447930884 2855 12044
801167903437357056 6526 26216
808106460588765185 2407 9326
808001312164028416 3872 13429
807621403335917568 4030 15558
807106840509214720 60924 126913
782969140009107456 8032 25732
807010152071229440 4197 13940
806629075125202948 38200 80289
781524693396357120 6049 22119
806570933175652352 7551 9170
806542213899489280 2594 10917
783334639985389568 12791 31179
806219024703037440 1308 6867
782722598790725632 5897 18434
805932879469572096 2094 8836
805826884734976000 2008 7033
805520635690676224 1802 6133
805487436403003392 2778 9368
805207613751304193 1868 8335
804738756058218496 4221 14674
804417859124273152 16760 23937
784826020293709826 3535 10825
804026241225523202 17796 47717
803773340896923648 3041 10736
691416866452082688 8163 20223
803638050916102144 4529 11744
803380650405482500 2034 8290
767754930266464257 5831 16978
803276597545603072 2708 10724
802952499103731712 2202 9663
777684233540206592 3209 11953
802572683846291456 2742 9552
802323869084381190 6393 17363
802265048156610565 1497 7054
779056095788752897 4932 15757
802239329049477120 2855 9700
800065028116385792 291 2779
801958328846974976 1874 8253
801538201127157760 2253 8769
801285448605831168 916 6482
801167903437357056 6526 26216
775733305207554048 4357 14724
801115127852503040 2290 8636
800751577355128832 3040 11228
800513324630806528 3299 14061
800459316964663297 2367 10125
776113305656188928 4736 12499
800388270626521089 3081 11926
681694085539872773 4323 13375
800141422401830912 2819 16382
800018252395122689 14455 30383
775085132600442880 5140 16515
799757965289017345 2374 9000
799422933579902976 2105 8609
774314403806253056 6058 23138
799297110730567681 3039 10600
799063482566066176 2702 8655
798933969379225600 4914 14082
798925684722855936 1572 7966
740676976021798912 7243 19000
718631497683582976 8560 19681
712809025985978368 7148 19384
701214700881756160 5446 12782
683391852557561860 2546 7982
676936541936185344 5179 13153
675501075957489664 6078 17611
671896809300709376 4271 8590
670444955656130560 2032 6821
667509364010450944 2159 6819
667182792070062081 6262 14384
666104133288665088 6430 14073
771770456517009408 3688 12730
798209839306514432 2808 11107
797971864723324932 3448 12468
797545162159308800 5331 15519
797236660651966464 7276 21378
687317306314240000 9742 21034
796865951799083009 2089 8213
796759840936919040 3358 12698
780931614150983680 8009 23073
796484825502875648 1938 8107
796387464403357696 4578 11765
796149749086875649 15721 34642
796149749086875649 15721 34642
796123679771897856 1706 2535
796116448414461957 2657 9733
796080075804475393 2545 9051
796031486298386433 4037 11566
795464331001561088 26170 53322
795400264262053889 3147 10820
795076730285391872 5958 17383
789530877013393408 3692 12583
794926597468000259 2529 11019
788765914992902144 11280 29347
794332329137291264 2908 10249
794205286408003585 3636 9844
793962221541933056 5370 18014
793845145112371200 2064 9855
791672322847637504 3422 12585
793601777308463104 1793 8529
793500921481273345 2613 11447
793286476301799424 10111 26335
793271401113350145 2597 9250
793256262322548741 9160 21398
793241302385262592 3598 11248
793226087023144960 3138 10533
793210959003287553 3086 9559
793195938047070209 6177 16350
793180763617361921 2185 7419
793165685325201412 3050 10068
793150605191548928 1869 6608
793135492858580992 2740 6932
793120401413079041 4291 13589
792913359805018113 4409 15351
792883833364439040 4694 12106
792773781206999040 1843 7861
792394556390137856 4703 14396
792050063153438720 1976 7671
791672322847637504 3422 12585
791406955684368384 4513 14042
791312159183634433 2788 9409
763837565564780549 4514 13343
790987426131050500 2346 10579
790946055508652032 5150 17765
789986466051088384 2540 9897
790698755171364864 2093 8765
790581949425475584 7882 22117
790337589677002753 2047 8367
790277117346975746 3490 13419
762699858130116608 3919 12873
789986466051088384 2540 9897
762464539388485633 4541 10922
789628658055020548 1954 8036
789599242079838210 2123 7241
789530877013393408 3692 12583
788818328538099712 53724 112436
750719632563142656 5419 13908
789268448748703744 2825 9757
789137962068021249 3062 10386
788908386943430656 13567 29333
788765914992902144 11280 29347
788412144018661376 5805 16672
788178268662984705 2318 7733
788150585577050112 1428 6578
761004547850530816 3748 11966
788039637453406209 1450 6565
787810552592695296 3348 9277
787717603741622272 3047 10926
787397959788929025 3106 11603
787322443945877504 1911 8334
786963064373534720 8735 28424
759447681597108224 2643 8973
786709082849828864 6666 19432
786664955043049472 2805 11388
786595970293370880 3391 10060
786363235746385920 3833 11660
786233965241827333 5226 16342
779834332596887552 7734 20223
785927819176054784 3465 12131
785872687017132033 1996 7140
785639753186217984 2426 8339
785533386513321988 2190 9724
785264754247995392 1788 7758
785170936622350336 5315 12918
784826020293709826 3535 10825
784517518371221505 2773 9571
784431430411685888 1403 6072
783839966405230592 11805 32077
783821107061198850 2138 7851
783695101801398276 3522 11145
783466772167098368 2462 9015
783391753726550016 6012 17996
674291837063053312 6119 15044
783334639985389568 12791 31179
783085703974514689 2423 8678
782969140009107456 8032 25732
782747134529531904 1522 7960
782722598790725632 5897 18434
782598640137187329 2042 8294
782305867769217024 6087 17783
707610948723478529 6819 17710
781955203444699136 3669 11850
781661882474196992 2958 11136
781524693396357120 6049 22119
781251288990355457 2290 8986
781163403222056960 2983 10411
780931614150983680 8009 23073
780858289093574656 2182 7668
780800785462489090 1414 5865
780601303617732608 3632 12875
780543529827336192 1891 6718
742423170473463808 4052 10298
780465709297995776 127 917
780459368902959104 1164 5631
780192070812196864 2435 9276
753375668877008896 2508 8041
779834332596887552 7734 20223
779377524342161408 3392 9393
679462823135686656 20079 33123
779123168116150273 3969 12576
779056095788752897 4932 15757
778990705243029504 7922 21325
778748913645780993 1447 7343
778650543019483137 1626 6144
778624900596654080 1099 4951
778408200802557953 4739 14538
703041949650034688 13344 27592
778383385161035776 1205 6219
778286810187399168 3596 11072
778039087836069888 2867 9022
778027034220126208 1764 6978
768193404517830656 3836 11564
777885040357281792 1786 6766
777684233540206592 3209 11953
750429297815552001 4628 13880
777621514455814149 2711 9333
777189768882946048 4713 15243
679828447187857408 14976 37889
776813020089548800 1318 5186
776477788987613185 3039 9412
700747788515020802 9946 23891
776218204058357768 17381 31927
776201521193218049 2741 10206
776113305656188928 4736 12499
776088319444877312 165 1946
733109485275860992 17877 51418
775842724423557120 2909 12460
775733305207554048 4357 14724
775729183532220416 4972 13739
775364825476165632 3230 7896
740373189193256964 14179 36416
775085132600442880 5140 16515
774757898236878852 1925 9082
774639387460112384 1880 7133
774314403806253056 6058 23138
773985732834758656 4213 11409
773922284943896577 1876 6794
773704687002451968 1769 7010
773670353721753600 1406 5650
773547596996571136 6692 23463
771380798096281600 5533 11158
773308824254029826 8112 24690
773247561583001600 3488 10001
773191612633579521 4461 10604
772877495989305348 4206 9105
772826264096874500 2529 8481
765222098633691136 3664 12304
772581559778025472 1835 6873
772193107915964416 1500 6384
772152991789019136 1213 4008
772117678702071809 797 3984
772114945936949249 512 2882
772102971039580160 1006 4246
771905568600719360 483 1208
771770456517009408 3688 12730
771500966810099713 2847 8783
771380798096281600 5533 11158
673320132811366400 8203 13699
771136648247640064 3185 9737
771102124360998913 1556 6617
771014301343748096 1799 7289
771002130450743296 238 2288
770787852854652928 1320 5257
770772759874076672 1531 5503
739238157791694849 61895 121267
770655142660169732 1886 7768
770414278348247044 2236 6669
770293558247038976 1613 6618
741067306818797568 3295 9886
770069151037685760 2493 8049
769940425801170949 10465 33367
769695466921623552 1797 6776
769212283578875904 1854 5721
768970937022709760 7092 15275
700143752053182464 2919 7881
768855141948723200 961 4443
768609597686943744 1311 4360
768596291618299904 1379 5318
739979191639244800 6312 20879
768473857036525572 3713 14468
768193404517830656 3836 11564
767884188863397888 1519 5036
767754930266464257 5831 16978
767500508068192258 2524 7928
767191397493538821 4122 12994
767122157629476866 3082 10730
759923798737051648 6119 15522
766793450729734144 1469 5375
766693177336135680 856 4269
766423258543644672 1729 6383
766313316352462849 2037 7182
725842289046749185 2816 7356
766069199026450432 931 4529
766008592277377025 536 3970
765719909049503744 2327 7678
765669560888528897 1319 5504
765395769549590528 3675 28003
765371061932261376 2336 7511
765222098633691136 3664 12304
764857477905154048 1914 6810
764259802650378240 1636 6411
763837565564780549 4514 13343
763183847194451968 1590 5721
673295268553605120 3262 7652
763103485927849985 2464 7796
762699858130116608 3919 12873
762471784394268675 7000 11936
762464539388485633 4541 10922
762316489655476224 1218 5097
762035686371364864 16866 33862
761976711479193600 2184 5714
685325112850124800 4253 9942
761745352076779520 929 4505
761672994376806400 31378 52457
761599872357261312 1268 4368
711694788429553666 19410 34240
761334018830917632 1566 5499
761292947749015552 1185 4721
761227390836215808 1678 5616
761004547850530816 3748 11966
760893934457552897 1052 4037
760656994973933572 2080 6982
760641137271070720 1395 5242
760539183865880579 3922 8014
760290219849637889 12407 28368
760252756032651264 933 4164
760190180481531904 1954 6026
759923798737051648 6119 15522
759846353224826880 2141 7101
759793422261743616 2049 6299
739544079319588864 22799 41511
759557299618865152 1267 4970
759447681597108224 2643 8973
759167558763196416 300 272
759197388317847553 2101 6399
670319130621435904 1253 3914
759099523532779520 4505 15353
759047813560868866 2179 6875
758854675097526272 963 3747
758828659922702336 4138 11807
758740312047005698 1729 6054
758474966123810816 1070 4038
758467244762497024 2405 5081
758405701903519748 2082 5491
758355060040593408 1170 3627
758041019896193024 403 2858
757741869644341248 3510 7269
679062614270468097 8741 17795
757725642876129280 1311 4798
757611664640446465 1206 4813
757597141099548672 314 1536
757596066325864448 1140 4596
757400162377592832 7376 15991
757393109802180609 1885 6154
757354760399941633 1535 4765
756998049151549440 2139 6621
756939218950160384 2168 7027
756651752796094464 1410 5346
756526248105566208 3897 10975
756303284449767430 1168 4165
756288534030475264 18833 45211
756275833623502848 1639 6787
755955933503782912 3119 7744
755206590534418437 5805 17376
755110668769038337 11947 22402
679158373988876288 8622 22400
754856583969079297 2722 7255
754747087846248448 562 2715
754482103782404096 2100 5600
754449512966619136 790 3948
754120377874386944 2521 8270
753655901052166144 2343 6165
753420520834629632 3843 8364
753398408988139520 2072 6098
753375668877008896 2508 8041
681523177663676416 6205 14985
753294487569522689 1122 3580
753026973505581056 1050 4104
752917284578922496 1698 7275
752682090207055872 1728 6303
752660715232722944 1700 4651
752519690950500352 3710 7776
752334515931054080 1185 4026
675354435921575936 17972 33709
752173152931807232 1986 6268
751937170840121344 1446 5488
751830394383790080 2109 6112
751598357617971201 3275 8326
751583847268179968 1196 4635
751538714308972544 1361 5306
751456908746354688 1075 3371
751251247299190784 6311 13166
751205363882532864 1967 6644
751132876104687617 1398 5351
750868782890057730 1491 5028
750719632563142656 5419 13908
750506206503038976 1236 4678
750429297815552001 4628 13880
750383411068534784 1224 4796
750147208377409536 1036 3266
750132105863102464 1371 3825
750117059602808832 1398 4566
750101899009982464 906 3196
750086836815486976 586 2286
750071704093859840 3591 8280
750056684286914561 961 3301
750041628174217216 665 3342
750026558547456000 843 2851
750011400160841729 975 3417
749996283729883136 871 3197
749981277374128128 2632 5377
749774190421639168 1408 4893
749417653287129088 1784 6412
749403093750648834 585 2764
749395845976588288 3720 9056
749317047558017024 2374 5766
749064354620928000 1624 5038
749036806121881602 839 3261
748977405889503236 3649 11268
748932637671223296 2423 6143
748705597323898880 1018 2907
748699167502000129 1715 4983
748692773788876800 1424 4458
748575535303884801 2131 6374
748568946752774144 720 2295
748346686624440324 1330 5498
748324050481647620 820 3885
748307329658011649 764 3849
747963614829678593 2298 6072
747933425676525569 2732 6960
747885874273214464 1056 3094
747844099428986880 805 2948
747816857231626240 1245 5084
747600769478692864 588 2433
747594051852075008 1124 3880
747512671126323200 1697 5826
747461612269887489 1102 4054
704761120771465216 3083 6927
747219827526344708 1693 5541
747204161125646336 986 3541
747103485104099331 4267 10051
746906459439529985 317 3027
746872823977771008 2300 6291
746818907684614144 1848 5561
746790600704425984 1700 5111
746726898085036033 1915 6331
667866724293877760 1052 3028
746507379341139972 1158 4862
746369468511756288 1757 6465
746131877086527488 2353 7247
746056683365994496 870 3719
745789745784041472 1141 4230
745712589599014916 2479 7328
745433870967832576 2708 7438
745422732645535745 2597 8994
745314880350101504 2963 7526
745057283344719872 2429 7578
744995568523612160 665 3112
744971049620602880 2878 8258
744709971296780288 1668 5854
744334592493166593 2283 7081
744234799360020481 83561 164156
743980027717509120 1160 4353
743895849529389061 1021 3814
667138269671505920 2228 4621
743609206067040256 1473 4686
743595368194129920 7024 19327
743545585370791937 998 3691
743510151680958465 3948 8289
743253157753532416 1303 4431
743222593470234624 2031 6484
743210557239623680 1459 4020
742528092657332225 2129 4639
742465774154047488 4151 7600
742423170473463808 4052 10298
742385895052087300 2121 7122
742161199639494656 1468 4544
742150209887731712 1663 5373
741793263812808706 1608 4769
741743634094141440 2949 8553
741438259667034112 890 3843
741303864243200000 3455 9179
741067306818797568 3295 9886
740995100998766593 2956 6695
740711788199743490 994 3564
740699697422163968 835 2966
740676976021798912 7243 19000
740373189193256964 14179 36416
740365076218183684 465 2587
740359016048689152 912 3451
740214038584557568 2096 7000
739979191639244800 6312 20879
739932936087216128 1148 4242
739844404073074688 911 3967
739606147276148736 1766 5623
739544079319588864 22799 41511
739485634323156992 3132 7515
739238157791694849 61895 121264
738885046782832640 1217 3937
738883359779196928 863 3487
738537504001953792 1662 5330
738402415918125056 896 3403
738184450748633089 1286 4499
738166403467907072 3628 9204
738156290900254721 698 2648
737826014890496000 1874 5506
737800304142471168 3686 10441
737678689543020544 1419 5268
737445876994609152 4754 10754
737322739594330112 861 3771
737310737551491075 7903 15349
736736130620620800 1844 4505
736365877722001409 1332 4162
736225175608430592 2943 8489
736010884653420544 3163 8243
735991953473572864 1223 3755
735648611367784448 1170 4186
735635087207878657 2498 6454
735274964362878976 5404 13589
735256018284875776 943 3490
735137028879360001 1030 3265
734912297295085568 548 2852
734787690684657664 6698 13123
734776360183431168 581 2617
733828123016450049 827 3747
733822306246479872 1072 3823
733482008106668032 1010 3282
733460102733135873 1359 4391
733109485275860992 17877 51418
732732193018155009 568 2545
732726085725589504 940 3684
732585889486888962 821 3846
732375214819057664 2685 8440
732005617171337216 5808 15588
731285275100512256 1047 3636
731156023742988288 1351 4004
730924654643314689 2103 6394
730573383004487680 2290 5132
730427201120833536 1107 3612
730211855403241472 1121 3995
730196704625098752 2043 5102
729854734790754305 1199 4205
729838605770891264 409 1780
729823566028484608 1317 4156
729463711119904772 2457 6051
729113531270991872 349 1964
728986383096946689 870 3294
728760639972315136 1811 4871
728751179681943552 720 2889
728653952833728512 1104 3447
728409960103686147 2129 5116
728387165835677696 1018 3822
728046963732717569 1250 4489
728035342121635841 1772 4745
728015554473250816 1162 4268
727685679342333952 675 3057
727644517743104000 1852 6146
727524757080539137 1293 4656
727314416056803329 797 3470
727286334147182592 869 3172
727175381690781696 1461 4033
726935089318363137 2601 7170
726887082820554753 1597 3998
726828223124897792 1067 3701
726224900189511680 1218 4599
725842289046749185 2816 7356
725786712245440512 1443 4338
725729321944506368 1888 5406
725136065078521856 4241 4820
724983749226668032 1381 3865
724771698126512129 680 2468
724405726123311104 1748 5523
724049859469295616 1872 4502
724046343203856385 592 2773
724004602748780546 1671 4356
723912936180330496 1297 4058
723688335806480385 3164 8024
723673163800948736 944 3148
723179728551723008 1989 5513
722974582966214656 1666 4281
722613351520608256 1736 5168
721503162398597120 1983 4849
721001180231503872 654 2627
720785406564900865 815 3243
720775346191278080 718 2580
720415127506415616 1588 4301
720389942216527872 2667 6671
720340705894408192 1036 2983
720059472081784833 1193 4043
720043174954147842 2128 5104
719991154352222208 1851 5034
719704490224398336 1537 4747
719551379208073216 2040 5262
719367763014393856 785 2904
719339463458033665 1325 4592
719332531645071360 1013 3554
718971898235854848 1160 3637
718939241951195136 1870 5463
718631497683582976 8560 19681
718613305783398402 511 2534
718540630683709445 1074 2586
718460005985447936 560 2804
718454725339934721 1600 5064
718246886998687744 530 2008
718234618122661888 1065 4040
717841801130979328 629 2549
717790033953034240 1196 3005
717537687239008257 1948 5988
717421804990701568 891 3277
717047459982213120 2025 6529
717009362452090881 1032 3404
716802964044845056 1249 4457
716791146589110272 1523 6232
716637124322177024 2651 3180
716439118184652801 225 2465
716285507865542656 1150 2891
716080869887381504 2035 7005
715928423106027520 924 3318
715733265223708672 1789 4864
715696743237730304 1362 4059
715680795826982913 1716 4506
715360349751484417 1669 5689
715342466308784130 723 3153
715220193576927233 693 2511
715200624753819648 1999 5336
715009755312439296 1316 4333
714982300363173890 1097 3912
714957620017307648 1506 4310
714631576617938945 1065 3401
714606013974974464 982 3778
714258258790387713 759 3139
714251586676113411 891 3397
714214115368108032 931 2361
714141408463036416 1492 4483
713919462244790272 824 3415
713900603437621249 783 2953
713761197720473600 1459 5079
713411074226274305 1371 4593
713177543487135744 3003 7503
713175907180089344 1544 4643
712809025985978368 7148 19384
712717840512598017 5303 12874
712668654853337088 1287 4328
712438159032893441 1660 5551
709919141004595201 124 535
712097430750289920 1099 3955
712092745624633345 950 3063
712085617388212225 511 3380
712065007010385924 663 2355
711998279773347841 133 950
711968124745228288 2451 8399
711743778164514816 1043 2956
711732680602345472 4371 9266
711694788429553666 19410 34240
711652651650457602 976 4035
711363825979756544 1202 3810
711306686208872448 777 3450
711008018775851008 656 3122
710997087345876993 1475 4747
710844581445812225 736 2656
710833117892898816 573 2803
710658690886586372 599 2403
710283270106132480 547 2227
710272297844797440 1336 4726
710269109699739648 1197 2495
710153181850935296 949 3035
710140971284037632 946 2886
710117014656950272 2115 5738
709918798883774466 1135 3109
709901256215666688 105 704
709852847387627521 1268 3658
709566166965075968 1278 3689
709556954897764353 1128 3430
709519240576036864 254 1549
709449600415961088 613 2322
709409458133323776 735 2726
709225125749587968 608 2507
709207347839836162 6200 13148
709198395643068416 678 2513
709158332880297985 448 2128
709042156699303936 1745 4956
708845821941387268 950 3105
708834316713893888 537 1764
708810915978854401 7381 17223
708738143638450176 869 2861
708711088997666817 770 2661
708479650088034305 714 2656
708469915515297792 870 3217
708356463048204288 1418 3770
708349470027751425 783 2451
708149363256774660 1637 4462
708130923141795840 890 3536
708119489313951744 1041 2801
708109389455101952 577 2014
708026248782585858 2033 4558
707995814724026368 1191 3269
707969809498152960 1030 2814
707776935007539200 1006 3426
707741517457260545 651 2606
707693576495472641 1066 3592
707610948723478529 6819 17710
707420581654872064 735 2374
707411934438625280 634 2384
707387676719185920 1384 3659
707377100785885184 1146 3426
707315916783140866 682 2583
707297311098011648 845 2887
707059547140169728 720 2693
707038192327901184 844 2289
707021089608753152 1454 4249
707014260413456384 633 2405
706901761596989440 639 2155
706681918348251136 1027 3472
706644897839910912 1164 2694
706593038911545345 667 2249
706538006853918722 1499 3614
706516534877929472 1101 3234
706346369204748288 981 3606
706310011488698368 8491 22369
706291001778950144 497 1774
706265994973601792 979 2858
706165920809492480 2884 2863
706166467411222528 1713 5380
705975130514706432 783 3241
705970349788291072 946 3280
705898680587526145 595 2483
705786532653883392 557 2038
705591895322394625 1223 3311
705475953783398401 981 3088
705442520700944385 1745 4650
705428427625635840 1799 3992
705239209544720384 796 3135
705223444686888960 859 2694
705102439679201280 543 2245
705066031337840642 640 2268
704871453724954624 1180 4457
704859558691414016 581 2355
704847917308362754 1631 5334
704819833553219584 1061 2753
704761120771465216 3083 6927
704499785726889984 1063 3069
704480331685040129 1123 3546
704364645503647744 3780 8395
704347321748819968 371 1663
704113298707505153 595 1935
704054845121142784 967 3048
703774238772166656 497 1918
703769065844768768 1207 3436
703631701117943808 731 2709
703611486317502464 1611 4033
703425003149250560 1458 3967
703407252292673536 737 2562
703382836347330562 1206 3663
703356393781329922 409 2002
703268521220972544 581 2055
703079050210877440 3301 7737
703041949650034688 13344 27592
702932127499816960 766 2706
702684942141153280 1150 3369
702671118226825216 599 2296
702598099714314240 3646 12753
702539513671897089 1016 3000
702321140488925184 1097 3432
702276748847800320 813 2578
702217446468493312 1423 5022
701981390485725185 1055 3605
701952816642965504 1087 3991
701889187134500865 1465 3717
701601587219795968 486 2183
701570477911896070 992 2951
701545186879471618 653 2780
701214700881756160 5446 12782
700890391244103680 613 2319
700864154249383937 652 2707
700847567345688576 530 2535
700796979434098688 1019 2543
700747788515020802 9946 23891
700518061187723268 852 2762
700505138482569216 606 2382
700462010979500032 1915 4330
700167517596164096 793 2766
700151421916807169 705 2342
700143752053182464 2919 7881
700062718104104960 741 2770
700029284593901568 622 2163
700002074055016451 1431 3465
699801817392291840 1017 3203
699788877217865730 529 2347
699779630832685056 1322 2896
699775878809702401 644 2052
699691744225525762 4890 10731
699446877801091073 2782 6215
699434518667751424 538 2268
699423671849451520 350 1438
699413908797464576 655 2168
699370870310113280 465 1968
699323444782047232 918 3305
699088579889332224 668 2342
699079609774645248 698 2571
699072405256409088 1263 3148
699036661657767936 1270 2719
698989035503689728 1045 3531
698953797952008193 960 2832
698907974262222848 661 2653
698710712454139905 726 2593
698703483621523456 404 1521
698635131305795584 362 1345
698549713696649216 657 2430
698355670425473025 482 1958
698342080612007937 1007 2364
698262614669991936 2137 4969
698195409219559425 6343 17541
698178924120031232 789 2928
697995514407682048 354 1602
697990423684476929 1378 3440
697943111201378304 731 2507
697881462549430272 1269 3154
697616773278015490 1078 3307
697596423848730625 1342 3168
697575480820686848 532 2136
697482927769255936 715 2528
697463031882764288 1465 3563
697270446429966336 1983 4891
697259378236399616 1055 3438
697255105972801536 1231 3158
697242256848379904 706 2631
696900204696625153 1090 3333
696894894812565505 717 2445
696886256886657024 1911 5070
696877980375769088 755 2551
696754882863349760 379 1544
696713835009417216 686 2483
696488710901260288 1098 2658
696405997980676096 1213 3365
695816827381944320 1239 3146
695794761660297217 832 3335
695767669421768709 794 1959
695629776980148225 2232 4778
695446424020918272 1929 4564
695409464418041856 3803 9047
695314793360662529 1562 3798
695095422348574720 655 2764
695074328191332352 1180 2976
695064344191721472 640 1684
695051054296211456 838 2789
694905863685980160 991 2883
694669722378485760 15400 37426
694356675654983680 307 1575
694352839993344000 661 2135
694329668942569472 533 2102
694206574471057408 2161 4385
694183373896572928 990 3087
694001791655137281 1097 3557
693942351086120961 393 1815
693647888581312512 629 2827
693642232151285760 444 2660
693629975228977152 850 2565
693622659251335168 393 1618
693590843962331137 2102 5304
693486665285931008 672 1868
693280720173801472 1319 3523
693262851218264065 534 2337
693231807727280129 779 3001
693155686491000832 3405 8244
693109034023534592 653 1799
693095443459342336 491 1964
692919143163629568 796 2796
692905862751522816 933 2550
692901601640583168 645 1867
692894228850999298 862 2387
692828166163931137 937 3020
692752401762250755 3867 7155
692568918515392513 1637 4556
692535307825213440 1446 3352
692530551048294401 443 1935
692417313023332352 3701 9764
692187005137076224 872 2643
692158366030913536 846 2251
692142790915014657 418 1720
692017291282812928 1014 3001
691820333922455552 1767 4136
691756958957883396 1088 3028
691675652215414786 539 2036
691483041324204033 601 2483
691459709405118465 1227 4253
691444869282295808 897 2781
691416866452082688 8163 20223
691321916024623104 702 2691
691096613310316544 942 3100
691090071332753408 358 1792
690959652130045952 1339 3767
690938899477221376 2120 4325
690932576555528194 1086 3441
690735892932222976 1361 3952
690728923253055490 550 2272
690690673629138944 850 2436
690649993829576704 296 1368
690597161306841088 642 2056
690400367696297985 483 1961
690374419777196032 915 3416
690360449368465409 949 2766
690248561355657216 438 1758
690021994562220032 1102 2922
690015576308211712 789 2632
690005060500217858 1796 3843
689999384604450816 396 1494
689977555533848577 475 1434
689905486972461056 738 2544
689877686181715968 1258 3173
689835978131935233 800 2258
689661964914655233 992 3354
689659372465688576 4131 10854
689623661272240129 682 2334
689599056876867584 5901 12167
689557536375177216 491 2144
689517482558820352 1523 3564
689289219123089408 997 2366
689283819090870273 1178 3441
689280876073582592 764 2089
689275259254616065 261 1211
689154315265683456 1070 3212
689143371370250240 546 2120
688916208532455424 927 2864
688908934925697024 823 2215
688898160958271489 841 2203
688894073864884227 739 2340
688828561667567616 397 1449
688804835492233216 206 1007
688789766343622656 706 2327
688547210804498433 749 2738
688519176466644993 785 2427
688385280030670848 4749 9729
688211956440801280 887 2332
688179443353796608 622 2214
688116655151435777 830 2957
688064179421470721 382 1812
687826841265172480 1198 2855
687818504314159109 1010 2621
687807801670897665 748 2507
687704180304273409 889 2553
687664829264453632 543 2029
687494652870668288 612 1998
687480748861947905 258 1674
687476254459715584 569 2071
687460506001633280 578 2150
687317306314240000 9742 21034
687312378585812992 2025 4568
687127927494963200 2439 5724
687124485711986689 536 2270
687109925361856513 2628 6089
687102708889812993 1054 2448
687096057537363968 646 2353
686947101016735744 3390 9029
686749460672679938 1553 3639
686730991906516992 1279 4348
686683045143953408 856 2944
686618349602762752 1452 3869
686606069955735556 580 1986
686386521809772549 937 3414
686377065986265092 599 2330
686358356425093120 724 2307
686050296934563840 779 2308
686034024800862208 1241 3270
686007916130873345 449 2600
686003207160610816 677 1912
685973236358713344 560 2214
685943807276412928 643 1708
685906723014619143 3108 7883
685667379192414208 609 2452
685663452032069632 1565 3415
685641971164143616 831 3075
685547936038666240 16740 34579
685532292383666176 1229 3191
685325112850124800 4253 9942
685321586178670592 685 2771
685315239903100929 1153 3512
685307451701334016 468 2169
685268753634967552 1287 3241
685198997565345792 710 2444
685169283572338688 1516 4297
684959798585110529 3340 7143
684940049151070208 1115 3376
684926975086034944 497 3672
684914660081053696 1563 3676
684902183876321280 568 1970
684880619965411328 874 2206
684800227459624960 1062 2841
684594889858887680 3780 9366
684567543613382656 1312 3151
684538444857667585 1018 2775
684481074559381504 1246 4057
684460069371654144 591 2076
684241637099323392 3532 8547
684225744407494656 227 1293
684222868335505415 1468 4021
684200372118904832 1099 2269
684195085588783105 552 2008
684188786104872960 1251 3643
684177701129875456 719 2113
684122891630342144 505 2086
684097758874210310 1535 4308
683857920510050305 1191 3985
683852578183077888 374 2017
683849932751646720 1046 2746
683834909291606017 1187 2744
683828599284170753 1130 2932
683773439333797890 1449 3502
683742671509258241 3547 6819
683498322573824003 1028 3327
683481228088049664 1062 2762
683462770029932544 713 2543
683449695444799489 1722 4084
683391852557561860 2546 7982
683357973142474752 1000 3076
683142553609318400 1111 3020
683111407806746624 972 3550
683098815881154561 704 2269
683078886620553216 600 2074
683030066213818368 778 2257
682962037429899265 17832 38718
682788441537560576 1193 2589
682750546109968385 465 1593
682697186228989953 383 1370
682662431982772225 1157 3191
682638830361513985 645 2149
682429480204398592 1244 3595
682406705142087680 1881 7945
682393905736888321 729 2348
682389078323662849 500 1740
682303737705140231 1070 3221
682259524040966145 1294 4368
682242692827447297 1261 3404
682059653698686977 1800 5192
682047327939461121 1028 3357
682032003584274432 2149 6887
682003177596559360 1639 3297
681981167097122816 1102 2918
681891461017812993 881 2579
681694085539872773 4323 13375
681679526984871937 480 1844
681654059175129088 989 2759
681610798867845120 507 1997
681579835668455424 1388 3711
681523177663676416 6205 14985
681339448655802368 4345 9726
681320187870711809 807 2781
681302363064414209 1954 4131
681297372102656000 1022 3351
681281657291280384 1177 3369
681261549936340994 292 1521
681242418453299201 574 1567
681231109724700672 517 2509
681193455364796417 1591 3886
680970795137544192 712 2541
680959110691590145 2134 4762
680940246314430465 1127 3366
680934982542561280 468 2175
680913438424612864 661 2502
680889648562991104 391 1848
680836378243002368 1421 3618
680801747103793152 882 2480
680798457301471234 1114 2993
680609293079592961 762 2759
680583894916304897 1437 3791
680497766108381184 2040 4429
680494726643068929 513 1793
680473011644985345 796 2664
680440374763077632 538 1518
680221482581123072 306 1516
680206703334408192 1257 2968
680191257256136705 539 2240
680176173301628928 1675 4078
680161097740095489 783 2424
680145970311643136 1863 3786
680130881361686529 1017 2389
680115823365742593 969 2831
680100725817409536 1456 3733
680085611152338944 9525 13379
680070545539371008 935 2694
679877062409191424 686 2056
679862121895714818 664 2570
679854723806179328 1312 2995
679844490799091713 814 2480
679828447187857408 14976 37889
679777920601223168 1190 3219
679736210798047232 844 2180
679729593985699840 874 2264
679722016581222400 498 1732
679530280114372609 2206 4975
679527802031484928 770 2764
679511351870550016 1353 3514
679503373272485890 1573 3285
679475951516934144 683 2182
679462823135686656 20079 33123
679158373988876288 8622 22400
679148763231985668 1099 2885
679132435750195208 1233 3090
679111216690831360 2724 6206
679062614270468097 8741 17795
679047485189439488 724 2346
678991772295516161 1253 2426
678969228704284672 491 1714
678800283649069056 960 2684
678798276842360832 1262 3628
678774928607469569 978 2917
678767140346941444 1455 3678
678764513869611008 505 1707
678755239630127104 3518 7440
678740035362037760 1805 3915
678675843183484930 1575 2994
678643457146150913 450 2139
678446151570427904 1664 4161
678424312106393600 2695 5633
678410210315247616 1937 4410
678399652199309312 33750 82319
678396796259975168 445 1655
678389028614488064 445 1944
678380236862578688 965 2538
678341075375947776 569 1794
678334497360859136 276 1352
678278586130948096 6448 11913
678255464182861824 396 1645
678021115718029313 6762 14309
677918531514703872 435 1401
677895101218201600 2230 5020
677716515794329600 1024 3169
677700003327029250 1529 3522
677698403548192770 336 1274
677687604918272002 893 2572
677673981332312066 1585 3469
677662372920729601 1030 2024
677644091929329666 844 1939
677573743309385728 765 2225
677565715327688705 483 1341
677557565589463040 1232 2535
677547928504967168 3855 7184
677530072887205888 240 1114
677334615166730240 311 1405
677331501395156992 248 1132
677328882937298944 1582 3766
677314812125323265 567 1702
677301033169788928 433 1287
677269281705472000 742 2069
677228873407442944 1731 3677
677187300187611136 976 2832
676975532580409345 1131 2880
676957860086095872 851 2289
676949632774234114 421 1348
676948236477857792 919 2252
676946864479084545 399 1768
676942428000112642 802 2146
676936541936185344 5179 13153
676897532954456065 762 2335
676864501615042560 749 2177
676821958043033607 16474 23854
676819651066732545 702 1867
676811746707918848 446 1461
676776431406465024 2111 5164
676617503762681856 1036 2997
676613908052996102 206 1125
676606785097199616 462 1946
676603393314578432 408 1206
676588346097852417 842 2409
676582956622721024 293 1249
676575501977128964 1182 2682
676533798876651520 587 1947
676496375194980353 563 1573
676470639084101634 4919 11997
676440007570247681 697 1778
676430933382295552 362 1445
676263575653122048 578 2142
676237365392908289 309 1262
676219687039057920 32612 77284
676215927814406144 614 1793
676191832485810177 1080 2354
676146341966438401 701 1984
676101918813499392 1220 2904
676098748976615425 1511 3102
676089483918516224 451 1354
675898130735476737 599 1682
675891555769696257 912 2196
675888385639251968 1006 2450
675878199931371520 1466 4302
675870721063669760 600 1689
675853064436391936 1361 2773
675845657354215424 931 2359
675822767435051008 560 1571
675820929667219457 241 1081
675798442703122432 3550 10550
675781562965868544 495 1664
675740360753160193 364 1199
675710890956750848 865 1944
675707330206547968 729 2041
675706639471788032 103 664
675534494439489536 436 1869
675531475945709568 404 1218
675522403582218240 299 1072
675517828909424640 478 1340
675501075957489664 6078 17611
675497103322386432 1358 3232
675489971617296384 624 1341
675483430902214656 1018 1900
675432746517426176 595 1567
675372240448454658 531 1744
675362609739206656 239 1080
675354435921575936 17972 33708
675349384339542016 2362 4022
675334060156301312 1353 2860
675166823650848770 1683 3708
675153376133427200 2733 6452
675149409102012420 1761 3840
675147105808306176 252 965
675146535592706048 328 1226
675145476954566656 944 2188
675135153782571009 514 1332
675113801096802304 816 1999
675111688094527488 264 987
675109292475830276 1183 2874
675047298674663426 342 1089
675015141583413248 1253 2784
675006312288268288 236 1009
675003128568291329 491 1594
674999807681908736 1145 2300
674805413498527744 369 877
674800520222154752 893 3077
674793399141146624 1134 2563
674790488185167872 261 1129
674788554665512960 218 831
674781762103414784 1253 2050
674774481756377088 494 1151
674767892831932416 822 1867
674764817387900928 247 800
674754018082705410 466 1393
674752233200820224 485 1493
674743008475090944 577 1439
674739953134403584 411 1136
674737130913071104 96 662
674690135443775488 485 1176
674670581682434048 680 1649
674664755118911488 264 942
674646392044941312 519 1470
674644256330530816 281 1052
674638615994089473 604 1717
674632714662858753 602 1538
674468880899788800 2142 6369
674447403907457024 369 1087
674436901579923456 410 1139
674422304705744896 556 1467
674416750885273600 146 698
674410619106390016 482 1225
674394782723014656 595 1533
674372068062928900 322 864
674318007229923329 534 1443
674291837063053312 6119 15044
674271431610523648 756 1600
674269164442398721 233 921
674265582246694913 879 1672
674262580978937856 470 1331
674255168825880576 580 1501
674082852460433408 176 770
674075285688614912 299 997
674063288070742018 2296 6495
674053186244734976 1349 3393
674051556661161984 500 1473
674045139690631169 659 1448
674042553264685056 133 737
674038233588723717 425 1126
674036086168010753 221 862
674024893172875264 1271 1821
674019345211760640 309 1155
674014384960745472 672 1592
674008982932058114 367 1224
673956914389192708 1000 1986
673919437611909120 379 1188
673906403526995968 1674 3250
673887867907739649 259 949
673715861853720576 2160 3601
673711475735838725 304 1054
673709992831262724 284 860
673708611235921920 299 1094
673707060090052608 404 1112
673705679337693185 411 1273
673700254269775872 591 1465
673697980713705472 2023 3872
673689733134946305 668 1768
673688752737402881 510 1286
673686845050527744 453 1470
673680198160809984 482 1396
673662677122719744 370 1277
673656262056419329 250 729
673636718965334016 373 1131
673612854080196609 742 1612
673583129559498752 380 1211
673580926094458881 276 848
673576835670777856 578 1407
673363615379013632 314 1043
673359818736984064 692 1483
673355879178194945 600 1514
673352124999274496 552 1680
673350198937153538 220 755
673345638550134785 1319 2568
673343217010679808 278 989
673342308415348736 605 1296
673320132811366400 8203 13699
673317986296586240 266 885
673295268553605120 3262 7652
673270968295534593 380 1081
673240798075449344 753 1439
673213039743795200 874 2292
673148804208660480 650 1723
672997845381865473 741 2000
672995267319328768 307 973
672988786805112832 301 995
672984142909456390 559 1270
672980819271634944 1032 1846
672975131468300288 941 1711
672970152493887488 366 961
672968025906282496 560 1333
672964561327235073 658 1441
672902681409806336 519 1387
672898206762672129 436 914
672884426393653248 853 1581
672877615439593473 380 1049
672834301050937345 585 1332
672828477930868736 506 1271
672640509974827008 330 986
672622327801233409 509 1315
672614745925664768 600 1239
672609152938721280 399 1128
672604026190569472 411 1130
672594978741354496 623 1350
672591762242805761 343 964
672591271085670400 189 742
672538107540070400 378 1047
672523490734551040 177 649
672488522314567680 449 1130
672482722825261057 621 1149
672481316919734272 128 724
672475084225949696 718 1453
672466075045466113 553 1374
672272411274932228 3486 6547
672267570918129665 630 1523
672264251789176834 347 1160
672256522047614977 1596 2852
672254177670729728 762 1453
672248013293752320 627 1746
672245253877968896 162 699
672239279297454080 329 909
672231046314901505 1041 1862
672222792075620352 216 797
672205392827572224 1186 2296
672169685991993344 378 1037
672160042234327040 369 879
672139350159835138 733 1774
672125275208069120 1170 2444
672095186491711488 376 1011
672082170312290304 375 953
672068090318987265 528 1313
671896809300709376 4271 8590
671891728106971137 585 1345
671882082306625538 1413 3515
671879137494245376 701 1444
671874878652489728 574 1263
671866342182637568 515 1136
671855973984772097 459 919
671789708968640512 3581 7153
671768281401958400 540 1208
671763349865160704 948 1711
671744970634719232 792 1362
671743150407421952 237 749
671735591348891648 777 1474
671729906628341761 4471 8625
671561002136281088 7420 13010
671547767500775424 611 1370
671544874165002241 1074 2014
671542985629241344 580 1105
671538301157904385 406 940
671536543010570240 420 1191
671533943490011136 591 1034
671528761649688577 265 848
671520732782923777 540 1418
671518598289059840 300 966
671511350426865664 743 1630
671504605491109889 3637 7135
671497587707535361 455 930
671488513339211776 479 1026
671486386088865792 210 585
671485057807351808 236 771
671390180817915904 750 1437
671362598324076544 301 1126
671357843010908160 150 405
671355857343524864 116 485
671347597085433856 439 971
671186162933985280 218 745
671182547775299584 353 1141
671166507850801152 360 886
671163268581498880 1135 1684
671159727754231808 84 379
671154572044468225 225 725
671151324042559489 158 680
671147085991960577 232 684
671141549288370177 671 1184
671138694582165504 415 942
671134062904504320 199 761
671122204919246848 2591 3551
671115716440031232 794 1381
671109016219725825 452 1162
670995969505435648 300 1118
670842764863651840 8961 24934
670840546554966016 199 602
670838202509447168 713 1129
670833812859932673 128 456
670832455012716544 225 745
670826280409919488 4157 5637
670823764196741120 197 786
670822709593571328 99 619
670815497391357952 1577 3215
670811965569282048 276 1146
670807719151067136 502 1171
670804601705242624 983 1998
670803562457407488 89 346
670797304698376195 243 744
670792680469889025 285 841
670789397210615808 246 670
670786190031921152 206 608
670783437142401025 406 832
670782429121134593 793 1588
670780561024270336 297 794
670778058496974848 74 331
670764103623966721 436 1086
670755717859713024 114 447
670733412878163972 524 977
670727704916926465 370 838
670717338665226240 509 1228
670704688707301377 383 774
670691627984359425 250 597
670679630144274432 290 756
670676092097810432 44 252
670668383499735048 5178 10867
670474236058800128 782 1554
670468609693655041 87 356
670465786746662913 566 979
670452855871037440 213 557
670449342516494336 685 1210
670444955656130560 2032 6821
670442337873600512 202 651
670435821946826752 530 1066
670434127938719744 661 1425
670433248821026816 117 331
670428280563085312 649 1404
670427002554466305 167 524
670421925039075328 651 1328
670420569653809152 322 634
670417414769758208 325 578
670411370698022913 923 2055
670408998013820928 231 565
670403879788544000 161 439
670385711116361728 217 566
670374371102445568 277 752
670361874861563904 69 332
670338931251150849 113 432
670319130621435904 1253 3914
670303360680108032 139 432
670290420111441920 293 717
670093938074779648 344 1044
670086499208155136 261 707
670079681849372674 1275 2250
670073503555706880 811 1596
670069087419133954 250 639
670061506722140161 351 779
670055038660800512 340 680
670046952931721218 181 655
670040295598354432 115 769
670037189829525505 286 597
670003130994700288 95 338
669993076832759809 86 329
669972011175813120 167 452
669970042633789440 62 307
669942763794931712 170 515
669926384437997569 108 382
669923323644657664 59 240
669753178989142016 411 828
669749430875258880 67 271
669683899023405056 114 395
669682095984410625 136 358
669680153564442624 296 678
669661792646373376 452 816
669625907762618368 1857 3580
669603084620980224 371 957
669597912108789760 154 519
669583744538451968 949 1511
669573570759163904 145 441
669571471778410496 1043 1612
669567591774625800 58 240
669564461267722241 128 392
669393256313184256 79 373
669375718304980992 751 1356
669371483794317312 186 504
669367896104181761 163 472
669363888236994561 235 635
669359674819481600 127 374
669354382627049472 1301 2749
669353438988365824 266 655
669351434509529089 192 448
669328503091937280 426 1026
669327207240699904 119 585
669324657376567296 213 503
669216679721873412 414 1203
669214165781868544 173 446
669203728096960512 491 1017
669037058363662336 321 667
669015743032369152 382 754
669006782128353280 257 586
669000397445533696 6525 21152
668994913074286592 238 448
668992363537309700 355 751
668989615043424256 337 691
668988183816871936 484 909
668986018524233728 173 563
668981893510119424 317 545
668979806671884288 356 805
668975677807423489 596 1325
668960084974809088 245 714
668955713004314625 74 285
668932921458302977 59 270
668902994700836864 103 324
668892474547511297 154 400
668872652652679168 308 535
668852170888998912 171 459
668826086256599040 141 441
668815180734689280 278 581
668779399630725120 380 714
668655139528511488 223 541
668645506898350081 549 908
668643542311546881 543 891
668641109086707712 552 1096
668636665813057536 500 1057
668633411083464705 1690 2861
668631377374486528 325 730
668627278264475648 118 323
668625577880875008 138 394
668623201287675904 792 1454
668620235289837568 44 205
668614819948453888 321 620
668567822092664832 57 248
668544745690562560 232 527
668542336805281792 221 468
668537837512433665 77 255
668528771708952576 232 469
668507509523615744 111 330
668496999348633600 135 420
668484198282485761 241 433
668480044826800133 152 469
668466899341221888 526 893
668297328638447616 304 628
668291999406125056 32 247
668286279830867968 142 511
668274247790391296 235 834
668268907921326080 243 560
668256321989451776 633 1317
668248472370458624 501 1007
668237644992782336 2908 6283
668226093875376128 106 304
668221241640230912 203 515
668204964695683073 200 558
668190681446379520 200 661
668171859951755264 201 498
668154635664932864 323 504
668142349051129856 294 571
668113020489474048 248 672
667937095915278337 808 1277
667924896115245057 113 306
667915453470232577 58 212
667911425562669056 310 494
667902449697558528 383 859
667886921285246976 1113 1905
667885044254572545 499 825
667878741721415682 122 394
667873844930215936 416 632
667866724293877760 1052 3028
667861340749471744 78 244
667832474953625600 63 292
667806454573760512 505 1065
667801013445750784 97 330
667793409583771648 336 707
667782464991965184 248 414
667773195014021121 58 237
667766675769573376 220 445
667728196545200128 152 379
667724302356258817 324 488
667548695664070656 35 176
667548415174144001 33 177
667549055577362432 2322 5839
667546741521195010 126 336
667544320556335104 532 874
667538891197542400 66 205
667534815156183040 549 825
667530908589760512 244 472
667524857454854144 1124 1710
667517642048163840 194 369
667509364010450944 2159 6819
667502640335572993 222 537
667495797102141441 274 522
667491009379606528 232 532
667470559035432960 100 257
667455448082227200 60 192
667453023279554560 91 314
667443425659232256 588 784
667437278097252352 242 451
667435689202614272 84 305
667405339315146752 221 468
667393430834667520 58 196
667369227918143488 166 367
667211855547486208 244 495
667200525029539841 263 616
667192066997374976 109 385
667188689915760640 421 745
667182792070062081 6262 14382
667177989038297088 55 192
667176164155375616 464 612
667174963120574464 84 245
667171260800061440 91 221
667165590075940865 1147 2700
667160273090932737 62 257
667152164079423490 17244 47895
667138269671505920 2228 4621
667119796878725120 128 330
667090893657276420 129 332
667073648344346624 123 404
667065535570550784 48 166
667062181243039745 55 218
667044094246576128 51 183
667012601033924608 225 448
666996132027977728 94 244
666983947667116034 987 2551
666837028449972224 556 818
666835007768551424 80 213
666826780179869698 97 254
666817836334096384 251 516
666804364988780544 94 240
666786068205871104 487 760
666781792255496192 195 387
666776908487630848 175 351
666739327293083650 66 236
666701168228331520 219 430
666691418707132416 47 186
666649482315059201 624 1117
666644823164719104 81 230
666454714377183233 208 516
666447344410484738 20 104
666437273139982337 48 124
666435652385423360 53 164
666430724426358785 195 312
666428276349472768 83 164
666421158376562688 111 313
666418789513326592 45 122
666411507551481857 323 438
666407126856765440 40 105
666396247373291520 84 164
666373753744588802 90 185
666362758909284353 562 763
666353288456101888 71 215
666345417576210432 133 288
666337882303524864 90 193
666293911632134144 347 490
666287406224695296 64 143
666273097616637952 76 171
666268910803644416 35 100
666104133288665088 6430 14073
666102155909144576 12 78
666099513787052032 66 151
666094000022159362 72 161
666082916733198337 44 114
666073100786774016 160 316
666071193221509120 59 142
666063827256086533 213 465
666058600524156928 57 109
666057090499244032 139 290
666055525042405380 237 429
666051853826850816 837 1204
666050758794694657 59 130
666049248165822465 41 106
666044226329800704 139 293
666033412701032449 43 123
666029285002620928 47 125
666020888022790149 501 2530
